 0.00000000e+00  0.00000000e+00  0.00000000e+00  0.00000000e+00 
 1.00000000e-08  5.00000000e-02  1.00000000e-08  1.20000000e-01 
 2.00000000e-08  1.00000000e-01  2.00000000e-08  2.40000000e-01 
 4.00000000e-08  2.00000000e-01  4.00000000e-08  4.80000000e-01 
 8.00000000e-08  4.00000000e-01  8.00000000e-08  9.60000000e-01 
 1.60000000e-07  8.00000000e-01  1.60000000e-07  1.92000000e+00 
 3.20000000e-07  1.60000000e+00  3.20000000e-07  3.84000000e+00 
 6.40000000e-07  3.20000000e+00  6.40000000e-07  7.68000000e+00 
 1.00000000e-06  5.00000000e+00  1.00000000e-06  1.20000000e+01 
 1.06400000e-06  5.00000000e+00  1.06400000e-06  1.20000000e+01 
 1.19200000e-06  5.00000000e+00  1.19200000e-06  1.20000000e+01 
 1.44800000e-06  5.00000000e+00  1.44800000e-06  1.20000000e+01 
 1.96000000e-06  5.00000000e+00  1.96000000e-06  1.20000000e+01 
 2.98400000e-06  5.00000000e+00  2.98400000e-06  1.20000000e+01 
 5.03200000e-06  5.00000000e+00  5.03200000e-06  1.20000000e+01 
 9.12800000e-06  5.00000000e+00  9.12800000e-06  1.20000000e+01 
 1.73200000e-05  5.00000000e+00  1.73200000e-05  1.20000000e+01 
 2.73200000e-05  5.00000000e+00  2.73200000e-05  1.20000000e+01 
 3.73200000e-05  5.00000000e+00  3.73200000e-05  1.20000000e+01 
 4.73200000e-05  5.00000000e+00  4.73200000e-05  1.20000000e+01 
 5.73200000e-05  5.00000000e+00  5.73200000e-05  1.20000000e+01 
 6.73200000e-05  5.00000000e+00  6.73200000e-05  1.20000000e+01 
 7.73200000e-05  5.00000000e+00  7.73200000e-05  1.20000000e+01 
 8.73200000e-05  5.00000000e+00  8.73200000e-05  1.20000000e+01 
 9.73200000e-05  5.00000000e+00  9.73200000e-05  1.20000000e+01 
 1.07320000e-04  5.00000000e+00  1.07320000e-04  1.20000000e+01 
 1.17320000e-04  5.00000000e+00  1.17320000e-04  1.20000000e+01 
 1.27320000e-04  5.00000000e+00  1.27320000e-04  1.20000000e+01 
 1.37320000e-04  5.00000000e+00  1.37320000e-04  1.20000000e+01 
 1.47320000e-04  5.00000000e+00  1.47320000e-04  1.20000000e+01 
 1.57320000e-04  5.00000000e+00  1.57320000e-04  1.20000000e+01 
 1.67320000e-04  5.00000000e+00  1.67320000e-04  1.20000000e+01 
 1.77320000e-04  5.00000000e+00  1.77320000e-04  1.20000000e+01 
 1.87320000e-04  5.00000000e+00  1.87320000e-04  1.20000000e+01 
 1.97320000e-04  5.00000000e+00  1.97320000e-04  1.20000000e+01 
 2.07320000e-04  5.00000000e+00  2.07320000e-04  1.20000000e+01 
 2.17320000e-04  5.00000000e+00  2.17320000e-04  1.20000000e+01 
 2.27320000e-04  5.00000000e+00  2.27320000e-04  1.20000000e+01 
 2.37320000e-04  5.00000000e+00  2.37320000e-04  1.20000000e+01 
 2.47320000e-04  5.00000000e+00  2.47320000e-04  1.20000000e+01 
 2.57320000e-04  5.00000000e+00  2.57320000e-04  1.20000000e+01 
 2.67320000e-04  5.00000000e+00  2.67320000e-04  1.20000000e+01 
 2.77320000e-04  5.00000000e+00  2.77320000e-04  1.20000000e+01 
 2.87320000e-04  5.00000000e+00  2.87320000e-04  1.20000000e+01 
 2.97320000e-04  5.00000000e+00  2.97320000e-04  1.20000000e+01 
 3.07320000e-04  5.00000000e+00  3.07320000e-04  1.20000000e+01 
 3.17320000e-04  5.00000000e+00  3.17320000e-04  1.20000000e+01 
 3.27320000e-04  5.00000000e+00  3.27320000e-04  1.20000000e+01 
 3.37320000e-04  5.00000000e+00  3.37320000e-04  1.20000000e+01 
 3.47320000e-04  5.00000000e+00  3.47320000e-04  1.20000000e+01 
 3.57320000e-04  5.00000000e+00  3.57320000e-04  1.20000000e+01 
 3.67320000e-04  5.00000000e+00  3.67320000e-04  1.20000000e+01 
 3.77320000e-04  5.00000000e+00  3.77320000e-04  1.20000000e+01 
 3.87320000e-04  5.00000000e+00  3.87320000e-04  1.20000000e+01 
 3.97320000e-04  5.00000000e+00  3.97320000e-04  1.20000000e+01 
 4.07320000e-04  5.00000000e+00  4.07320000e-04  1.20000000e+01 
 4.17320000e-04  5.00000000e+00  4.17320000e-04  1.20000000e+01 
 4.27320000e-04  5.00000000e+00  4.27320000e-04  1.20000000e+01 
 4.37320000e-04  5.00000000e+00  4.37320000e-04  1.20000000e+01 
 4.47320000e-04  5.00000000e+00  4.47320000e-04  1.20000000e+01 
 4.57320000e-04  5.00000000e+00  4.57320000e-04  1.20000000e+01 
 4.67320000e-04  5.00000000e+00  4.67320000e-04  1.20000000e+01 
 4.77320000e-04  5.00000000e+00  4.77320000e-04  1.20000000e+01 
 4.87320000e-04  5.00000000e+00  4.87320000e-04  1.20000000e+01 
 4.97320000e-04  5.00000000e+00  4.97320000e-04  1.20000000e+01 
 5.01000000e-04  5.00000000e+00  5.01000000e-04  1.20000000e+01 
 5.01100000e-04  4.50000000e+00  5.01100000e-04  1.08000000e+01 
 5.01300000e-04  3.50000000e+00  5.01300000e-04  8.40000000e+00 
 5.01700000e-04  1.50000000e+00  5.01700000e-04  3.60000000e+00 
 5.02000000e-04  0.00000000e+00  5.02000000e-04 -8.88178420e-16 
 5.02080000e-04  0.00000000e+00  5.02080000e-04  0.00000000e+00 
 5.02240000e-04  0.00000000e+00  5.02240000e-04  0.00000000e+00 
 5.02560000e-04  0.00000000e+00  5.02560000e-04  0.00000000e+00 
 5.03200000e-04  0.00000000e+00  5.03200000e-04  0.00000000e+00 
 5.04480000e-04  0.00000000e+00  5.04480000e-04  0.00000000e+00 
 5.07040000e-04  0.00000000e+00  5.07040000e-04  0.00000000e+00 
 5.12160000e-04  0.00000000e+00  5.12160000e-04  0.00000000e+00 
 5.22160000e-04  0.00000000e+00  5.22160000e-04  0.00000000e+00 
 5.32160000e-04  0.00000000e+00  5.32160000e-04  0.00000000e+00 
 5.42160000e-04  0.00000000e+00  5.42160000e-04  0.00000000e+00 
 5.52160000e-04  0.00000000e+00  5.52160000e-04  0.00000000e+00 
 5.62160000e-04  0.00000000e+00  5.62160000e-04  0.00000000e+00 
 5.72160000e-04  0.00000000e+00  5.72160000e-04  0.00000000e+00 
 5.82160000e-04  0.00000000e+00  5.82160000e-04  0.00000000e+00 
 5.92160000e-04  0.00000000e+00  5.92160000e-04  0.00000000e+00 
 6.02160000e-04  0.00000000e+00  6.02160000e-04  0.00000000e+00 
 6.12160000e-04  0.00000000e+00  6.12160000e-04  0.00000000e+00 
 6.22160000e-04  0.00000000e+00  6.22160000e-04  0.00000000e+00 
 6.32160000e-04  0.00000000e+00  6.32160000e-04  0.00000000e+00 
 6.42160000e-04  0.00000000e+00  6.42160000e-04  0.00000000e+00 
 6.52160000e-04  0.00000000e+00  6.52160000e-04  0.00000000e+00 
 6.62160000e-04  0.00000000e+00  6.62160000e-04  0.00000000e+00 
 6.72160000e-04  0.00000000e+00  6.72160000e-04  0.00000000e+00 
 6.82160000e-04  0.00000000e+00  6.82160000e-04  0.00000000e+00 
 6.92160000e-04  0.00000000e+00  6.92160000e-04  0.00000000e+00 
 7.02160000e-04  0.00000000e+00  7.02160000e-04  0.00000000e+00 
 7.12160000e-04  0.00000000e+00  7.12160000e-04  0.00000000e+00 
 7.22160000e-04  0.00000000e+00  7.22160000e-04  0.00000000e+00 
 7.32160000e-04  0.00000000e+00  7.32160000e-04  0.00000000e+00 
 7.42160000e-04  0.00000000e+00  7.42160000e-04  0.00000000e+00 
 7.52160000e-04  0.00000000e+00  7.52160000e-04  0.00000000e+00 
 7.62160000e-04  0.00000000e+00  7.62160000e-04  0.00000000e+00 
 7.72160000e-04  0.00000000e+00  7.72160000e-04  0.00000000e+00 
 7.82160000e-04  0.00000000e+00  7.82160000e-04  0.00000000e+00 
 7.92160000e-04  0.00000000e+00  7.92160000e-04  0.00000000e+00 
 8.02160000e-04  0.00000000e+00  8.02160000e-04  0.00000000e+00 
 8.12160000e-04  0.00000000e+00  8.12160000e-04  0.00000000e+00 
 8.22160000e-04  0.00000000e+00  8.22160000e-04  0.00000000e+00 
 8.32160000e-04  0.00000000e+00  8.32160000e-04  0.00000000e+00 
 8.42160000e-04  0.00000000e+00  8.42160000e-04  0.00000000e+00 
 8.52160000e-04  0.00000000e+00  8.52160000e-04  0.00000000e+00 
 8.62160000e-04  0.00000000e+00  8.62160000e-04  0.00000000e+00 
 8.72160000e-04  0.00000000e+00  8.72160000e-04  0.00000000e+00 
 8.82160000e-04  0.00000000e+00  8.82160000e-04  0.00000000e+00 
 8.92160000e-04  0.00000000e+00  8.92160000e-04  0.00000000e+00 
 9.02160000e-04  0.00000000e+00  9.02160000e-04  0.00000000e+00 
 9.12160000e-04  0.00000000e+00  9.12160000e-04  0.00000000e+00 
 9.22160000e-04  0.00000000e+00  9.22160000e-04  0.00000000e+00 
 9.32160000e-04  0.00000000e+00  9.32160000e-04  0.00000000e+00 
 9.42160000e-04  0.00000000e+00  9.42160000e-04  0.00000000e+00 
 9.52160000e-04  0.00000000e+00  9.52160000e-04  0.00000000e+00 
 9.62160000e-04  0.00000000e+00  9.62160000e-04  0.00000000e+00 
 9.72160000e-04  0.00000000e+00  9.72160000e-04  0.00000000e+00 
 9.82160000e-04  0.00000000e+00  9.82160000e-04  0.00000000e+00 
 9.92160000e-04  0.00000000e+00  9.92160000e-04  0.00000000e+00 
 1.00000000e-03  0.00000000e+00  1.00000000e-03  0.00000000e+00 
 1.00010000e-03  5.00000000e-01  1.00010000e-03  1.20000000e+00 
 1.00030000e-03  1.50000000e+00  1.00030000e-03  3.60000000e+00 
 1.00070000e-03  3.50000000e+00  1.00070000e-03  8.40000000e+00 
 1.00100000e-03  5.00000000e+00  1.00100000e-03  1.20000000e+01 
 1.00108000e-03  5.00000000e+00  1.00108000e-03  1.20000000e+01 
 1.00124000e-03  5.00000000e+00  1.00124000e-03  1.20000000e+01 
 1.00156000e-03  5.00000000e+00  1.00156000e-03  1.20000000e+01 
 1.00220000e-03  5.00000000e+00  1.00220000e-03  1.20000000e+01 
 1.00348000e-03  5.00000000e+00  1.00348000e-03  1.20000000e+01 
 1.00604000e-03  5.00000000e+00  1.00604000e-03  1.20000000e+01 
 1.01116000e-03  5.00000000e+00  1.01116000e-03  1.20000000e+01 
 1.02116000e-03  5.00000000e+00  1.02116000e-03  1.20000000e+01 
 1.03116000e-03  5.00000000e+00  1.03116000e-03  1.20000000e+01 
 1.04116000e-03  5.00000000e+00  1.04116000e-03  1.20000000e+01 
 1.05116000e-03  5.00000000e+00  1.05116000e-03  1.20000000e+01 
 1.06116000e-03  5.00000000e+00  1.06116000e-03  1.20000000e+01 
 1.07116000e-03  5.00000000e+00  1.07116000e-03  1.20000000e+01 
 1.08116000e-03  5.00000000e+00  1.08116000e-03  1.20000000e+01 
 1.09116000e-03  5.00000000e+00  1.09116000e-03  1.20000000e+01 
 1.10116000e-03  5.00000000e+00  1.10116000e-03  1.20000000e+01 
 1.11116000e-03  5.00000000e+00  1.11116000e-03  1.20000000e+01 
 1.12116000e-03  5.00000000e+00  1.12116000e-03  1.20000000e+01 
 1.13116000e-03  5.00000000e+00  1.13116000e-03  1.20000000e+01 
 1.14116000e-03  5.00000000e+00  1.14116000e-03  1.20000000e+01 
 1.15116000e-03  5.00000000e+00  1.15116000e-03  1.20000000e+01 
 1.16116000e-03  5.00000000e+00  1.16116000e-03  1.20000000e+01 
 1.17116000e-03  5.00000000e+00  1.17116000e-03  1.20000000e+01 
 1.18116000e-03  5.00000000e+00  1.18116000e-03  1.20000000e+01 
 1.19116000e-03  5.00000000e+00  1.19116000e-03  1.20000000e+01 
 1.20116000e-03  5.00000000e+00  1.20116000e-03  1.20000000e+01 
 1.21116000e-03  5.00000000e+00  1.21116000e-03  1.20000000e+01 
 1.22116000e-03  5.00000000e+00  1.22116000e-03  1.20000000e+01 
 1.23116000e-03  5.00000000e+00  1.23116000e-03  1.20000000e+01 
 1.24116000e-03  5.00000000e+00  1.24116000e-03  1.20000000e+01 
 1.25116000e-03  5.00000000e+00  1.25116000e-03  1.20000000e+01 
 1.26116000e-03  5.00000000e+00  1.26116000e-03  1.20000000e+01 
 1.27116000e-03  5.00000000e+00  1.27116000e-03  1.20000000e+01 
 1.28116000e-03  5.00000000e+00  1.28116000e-03  1.20000000e+01 
 1.29116000e-03  5.00000000e+00  1.29116000e-03  1.20000000e+01 
 1.30116000e-03  5.00000000e+00  1.30116000e-03  1.20000000e+01 
 1.31116000e-03  5.00000000e+00  1.31116000e-03  1.20000000e+01 
 1.32116000e-03  5.00000000e+00  1.32116000e-03  1.20000000e+01 
 1.33116000e-03  5.00000000e+00  1.33116000e-03  1.20000000e+01 
 1.34116000e-03  5.00000000e+00  1.34116000e-03  1.20000000e+01 
 1.35116000e-03  5.00000000e+00  1.35116000e-03  1.20000000e+01 
 1.36116000e-03  5.00000000e+00  1.36116000e-03  1.20000000e+01 
 1.37116000e-03  5.00000000e+00  1.37116000e-03  1.20000000e+01 
 1.38116000e-03  5.00000000e+00  1.38116000e-03  1.20000000e+01 
 1.39116000e-03  5.00000000e+00  1.39116000e-03  1.20000000e+01 
 1.40116000e-03  5.00000000e+00  1.40116000e-03  1.20000000e+01 
 1.41116000e-03  5.00000000e+00  1.41116000e-03  1.20000000e+01 
 1.42116000e-03  5.00000000e+00  1.42116000e-03  1.20000000e+01 
 1.43116000e-03  5.00000000e+00  1.43116000e-03  1.20000000e+01 
 1.44116000e-03  5.00000000e+00  1.44116000e-03  1.20000000e+01 
 1.45116000e-03  5.00000000e+00  1.45116000e-03  1.20000000e+01 
 1.46116000e-03  5.00000000e+00  1.46116000e-03  1.20000000e+01 
 1.47116000e-03  5.00000000e+00  1.47116000e-03  1.20000000e+01 
 1.48116000e-03  5.00000000e+00  1.48116000e-03  1.20000000e+01 
 1.49116000e-03  5.00000000e+00  1.49116000e-03  1.20000000e+01 
 1.50100000e-03  5.00000000e+00  1.50100000e-03  1.20000000e+01 
 1.50110000e-03  4.50000000e+00  1.50110000e-03  1.08000000e+01 
 1.50130000e-03  3.50000000e+00  1.50130000e-03  8.40000000e+00 
 1.50170000e-03  1.50000000e+00  1.50170000e-03  3.60000000e+00 
 1.50200000e-03  9.65449942e-13  1.50200000e-03  2.31707986e-12 
 1.50208000e-03  0.00000000e+00  1.50208000e-03  0.00000000e+00 
 1.50224000e-03  0.00000000e+00  1.50224000e-03  0.00000000e+00 
 1.50256000e-03  0.00000000e+00  1.50256000e-03  0.00000000e+00 
 1.50320000e-03  0.00000000e+00  1.50320000e-03  0.00000000e+00 
 1.50448000e-03  0.00000000e+00  1.50448000e-03  0.00000000e+00 
 1.50704000e-03  0.00000000e+00  1.50704000e-03  0.00000000e+00 
 1.51216000e-03  0.00000000e+00  1.51216000e-03  0.00000000e+00 
 1.52216000e-03  0.00000000e+00  1.52216000e-03  0.00000000e+00 
 1.53216000e-03  0.00000000e+00  1.53216000e-03  0.00000000e+00 
 1.54216000e-03  0.00000000e+00  1.54216000e-03  0.00000000e+00 
 1.55216000e-03  0.00000000e+00  1.55216000e-03  0.00000000e+00 
 1.56216000e-03  0.00000000e+00  1.56216000e-03  0.00000000e+00 
 1.57216000e-03  0.00000000e+00  1.57216000e-03  0.00000000e+00 
 1.58216000e-03  0.00000000e+00  1.58216000e-03  0.00000000e+00 
 1.59216000e-03  0.00000000e+00  1.59216000e-03  0.00000000e+00 
 1.60216000e-03  0.00000000e+00  1.60216000e-03  0.00000000e+00 
 1.61216000e-03  0.00000000e+00  1.61216000e-03  0.00000000e+00 
 1.62216000e-03  0.00000000e+00  1.62216000e-03  0.00000000e+00 
 1.63216000e-03  0.00000000e+00  1.63216000e-03  0.00000000e+00 
 1.64216000e-03  0.00000000e+00  1.64216000e-03  0.00000000e+00 
 1.65216000e-03  0.00000000e+00  1.65216000e-03  0.00000000e+00 
 1.66216000e-03  0.00000000e+00  1.66216000e-03  0.00000000e+00 
 1.67216000e-03  0.00000000e+00  1.67216000e-03  0.00000000e+00 
 1.68216000e-03  0.00000000e+00  1.68216000e-03  0.00000000e+00 
 1.69216000e-03  0.00000000e+00  1.69216000e-03  0.00000000e+00 
 1.70216000e-03  0.00000000e+00  1.70216000e-03  0.00000000e+00 
 1.71216000e-03  0.00000000e+00  1.71216000e-03  0.00000000e+00 
 1.72216000e-03  0.00000000e+00  1.72216000e-03  0.00000000e+00 
 1.73216000e-03  0.00000000e+00  1.73216000e-03  0.00000000e+00 
 1.74216000e-03  0.00000000e+00  1.74216000e-03  0.00000000e+00 
 1.75216000e-03  0.00000000e+00  1.75216000e-03  0.00000000e+00 
 1.76216000e-03  0.00000000e+00  1.76216000e-03  0.00000000e+00 
 1.77216000e-03  0.00000000e+00  1.77216000e-03  0.00000000e+00 
 1.78216000e-03  0.00000000e+00  1.78216000e-03  0.00000000e+00 
 1.79216000e-03  0.00000000e+00  1.79216000e-03  0.00000000e+00 
 1.80216000e-03  0.00000000e+00  1.80216000e-03  0.00000000e+00 
 1.81216000e-03  0.00000000e+00  1.81216000e-03  0.00000000e+00 
 1.82216000e-03  0.00000000e+00  1.82216000e-03  0.00000000e+00 
 1.83216000e-03  0.00000000e+00  1.83216000e-03  0.00000000e+00 
 1.84216000e-03  0.00000000e+00  1.84216000e-03  0.00000000e+00 
 1.85216000e-03  0.00000000e+00  1.85216000e-03  0.00000000e+00 
 1.86216000e-03  0.00000000e+00  1.86216000e-03  0.00000000e+00 
 1.87216000e-03  0.00000000e+00  1.87216000e-03  0.00000000e+00 
 1.88216000e-03  0.00000000e+00  1.88216000e-03  0.00000000e+00 
 1.89216000e-03  0.00000000e+00  1.89216000e-03  0.00000000e+00 
 1.90216000e-03  0.00000000e+00  1.90216000e-03  0.00000000e+00 
 1.91216000e-03  0.00000000e+00  1.91216000e-03  0.00000000e+00 
 1.92216000e-03  0.00000000e+00  1.92216000e-03  0.00000000e+00 
 1.93216000e-03  0.00000000e+00  1.93216000e-03  0.00000000e+00 
 1.94216000e-03  0.00000000e+00  1.94216000e-03  0.00000000e+00 
 1.95216000e-03  0.00000000e+00  1.95216000e-03  0.00000000e+00 
 1.96216000e-03  0.00000000e+00  1.96216000e-03  0.00000000e+00 
 1.97216000e-03  0.00000000e+00  1.97216000e-03  0.00000000e+00 
 1.98216000e-03  0.00000000e+00  1.98216000e-03  0.00000000e+00 
 1.99216000e-03  0.00000000e+00  1.99216000e-03  0.00000000e+00 
 2.00000000e-03  0.00000000e+00  2.00000000e-03  0.00000000e+00 
 2.00010000e-03  5.00000000e-01  2.00010000e-03  1.20000000e+00 
 2.00030000e-03  1.50000000e+00  2.00030000e-03  3.60000000e+00 
 2.00070000e-03  3.50000000e+00  2.00070000e-03  8.40000000e+00 
 2.00100000e-03  5.00000000e+00  2.00100000e-03  1.20000000e+01 
 2.00108000e-03  5.00000000e+00  2.00108000e-03  1.20000000e+01 
 2.00124000e-03  5.00000000e+00  2.00124000e-03  1.20000000e+01 
 2.00156000e-03  5.00000000e+00  2.00156000e-03  1.20000000e+01 
 2.00220000e-03  5.00000000e+00  2.00220000e-03  1.20000000e+01 
 2.00348000e-03  5.00000000e+00  2.00348000e-03  1.20000000e+01 
 2.00604000e-03  5.00000000e+00  2.00604000e-03  1.20000000e+01 
 2.01116000e-03  5.00000000e+00  2.01116000e-03  1.20000000e+01 
 2.02116000e-03  5.00000000e+00  2.02116000e-03  1.20000000e+01 
 2.03116000e-03  5.00000000e+00  2.03116000e-03  1.20000000e+01 
 2.04116000e-03  5.00000000e+00  2.04116000e-03  1.20000000e+01 
 2.05116000e-03  5.00000000e+00  2.05116000e-03  1.20000000e+01 
 2.06116000e-03  5.00000000e+00  2.06116000e-03  1.20000000e+01 
 2.07116000e-03  5.00000000e+00  2.07116000e-03  1.20000000e+01 
 2.08116000e-03  5.00000000e+00  2.08116000e-03  1.20000000e+01 
 2.09116000e-03  5.00000000e+00  2.09116000e-03  1.20000000e+01 
 2.10116000e-03  5.00000000e+00  2.10116000e-03  1.20000000e+01 
 2.11116000e-03  5.00000000e+00  2.11116000e-03  1.20000000e+01 
 2.12116000e-03  5.00000000e+00  2.12116000e-03  1.20000000e+01 
 2.13116000e-03  5.00000000e+00  2.13116000e-03  1.20000000e+01 
 2.14116000e-03  5.00000000e+00  2.14116000e-03  1.20000000e+01 
 2.15116000e-03  5.00000000e+00  2.15116000e-03  1.20000000e+01 
 2.16116000e-03  5.00000000e+00  2.16116000e-03  1.20000000e+01 
 2.17116000e-03  5.00000000e+00  2.17116000e-03  1.20000000e+01 
 2.18116000e-03  5.00000000e+00  2.18116000e-03  1.20000000e+01 
 2.19116000e-03  5.00000000e+00  2.19116000e-03  1.20000000e+01 
 2.20116000e-03  5.00000000e+00  2.20116000e-03  1.20000000e+01 
 2.21116000e-03  5.00000000e+00  2.21116000e-03  1.20000000e+01 
 2.22116000e-03  5.00000000e+00  2.22116000e-03  1.20000000e+01 
 2.23116000e-03  5.00000000e+00  2.23116000e-03  1.20000000e+01 
 2.24116000e-03  5.00000000e+00  2.24116000e-03  1.20000000e+01 
 2.25116000e-03  5.00000000e+00  2.25116000e-03  1.20000000e+01 
 2.26116000e-03  5.00000000e+00  2.26116000e-03  1.20000000e+01 
 2.27116000e-03  5.00000000e+00  2.27116000e-03  1.20000000e+01 
 2.28116000e-03  5.00000000e+00  2.28116000e-03  1.20000000e+01 
 2.29116000e-03  5.00000000e+00  2.29116000e-03  1.20000000e+01 
 2.30116000e-03  5.00000000e+00  2.30116000e-03  1.20000000e+01 
 2.31116000e-03  5.00000000e+00  2.31116000e-03  1.20000000e+01 
 2.32116000e-03  5.00000000e+00  2.32116000e-03  1.20000000e+01 
 2.33116000e-03  5.00000000e+00  2.33116000e-03  1.20000000e+01 
 2.34116000e-03  5.00000000e+00  2.34116000e-03  1.20000000e+01 
 2.35116000e-03  5.00000000e+00  2.35116000e-03  1.20000000e+01 
 2.36116000e-03  5.00000000e+00  2.36116000e-03  1.20000000e+01 
 2.37116000e-03  5.00000000e+00  2.37116000e-03  1.20000000e+01 
 2.38116000e-03  5.00000000e+00  2.38116000e-03  1.20000000e+01 
 2.39116000e-03  5.00000000e+00  2.39116000e-03  1.20000000e+01 
 2.40116000e-03  5.00000000e+00  2.40116000e-03  1.20000000e+01 
 2.41116000e-03  5.00000000e+00  2.41116000e-03  1.20000000e+01 
 2.42116000e-03  5.00000000e+00  2.42116000e-03  1.20000000e+01 
 2.43116000e-03  5.00000000e+00  2.43116000e-03  1.20000000e+01 
 2.44116000e-03  5.00000000e+00  2.44116000e-03  1.20000000e+01 
 2.45116000e-03  5.00000000e+00  2.45116000e-03  1.20000000e+01 
 2.46116000e-03  5.00000000e+00  2.46116000e-03  1.20000000e+01 
 2.47116000e-03  5.00000000e+00  2.47116000e-03  1.20000000e+01 
 2.48116000e-03  5.00000000e+00  2.48116000e-03  1.20000000e+01 
 2.49116000e-03  5.00000000e+00  2.49116000e-03  1.20000000e+01 
 2.50100000e-03  5.00000000e+00  2.50100000e-03  1.20000000e+01 
 2.50110000e-03  4.50000000e+00  2.50110000e-03  1.08000000e+01 
 2.50130000e-03  3.50000000e+00  2.50130000e-03  8.40000000e+00 
 2.50170000e-03  1.50000000e+00  2.50170000e-03  3.60000000e+00 
 2.50200000e-03  0.00000000e+00  2.50200000e-03 -8.88178420e-16 
 2.50208000e-03  0.00000000e+00  2.50208000e-03  0.00000000e+00 
 2.50224000e-03  0.00000000e+00  2.50224000e-03  0.00000000e+00 
 2.50256000e-03  0.00000000e+00  2.50256000e-03  0.00000000e+00 
 2.50320000e-03  0.00000000e+00  2.50320000e-03  0.00000000e+00 
 2.50448000e-03  0.00000000e+00  2.50448000e-03  0.00000000e+00 
 2.50704000e-03  0.00000000e+00  2.50704000e-03  0.00000000e+00 
 2.51216000e-03  0.00000000e+00  2.51216000e-03  0.00000000e+00 
 2.52216000e-03  0.00000000e+00  2.52216000e-03  0.00000000e+00 
 2.53216000e-03  0.00000000e+00  2.53216000e-03  0.00000000e+00 
 2.54216000e-03  0.00000000e+00  2.54216000e-03  0.00000000e+00 
 2.55216000e-03  0.00000000e+00  2.55216000e-03  0.00000000e+00 
 2.56216000e-03  0.00000000e+00  2.56216000e-03  0.00000000e+00 
 2.57216000e-03  0.00000000e+00  2.57216000e-03  0.00000000e+00 
 2.58216000e-03  0.00000000e+00  2.58216000e-03  0.00000000e+00 
 2.59216000e-03  0.00000000e+00  2.59216000e-03  0.00000000e+00 
 2.60216000e-03  0.00000000e+00  2.60216000e-03  0.00000000e+00 
 2.61216000e-03  0.00000000e+00  2.61216000e-03  0.00000000e+00 
 2.62216000e-03  0.00000000e+00  2.62216000e-03  0.00000000e+00 
 2.63216000e-03  0.00000000e+00  2.63216000e-03  0.00000000e+00 
 2.64216000e-03  0.00000000e+00  2.64216000e-03  0.00000000e+00 
 2.65216000e-03  0.00000000e+00  2.65216000e-03  0.00000000e+00 
 2.66216000e-03  0.00000000e+00  2.66216000e-03  0.00000000e+00 
 2.67216000e-03  0.00000000e+00  2.67216000e-03  0.00000000e+00 
 2.68216000e-03  0.00000000e+00  2.68216000e-03  0.00000000e+00 
 2.69216000e-03  0.00000000e+00  2.69216000e-03  0.00000000e+00 
 2.70216000e-03  0.00000000e+00  2.70216000e-03  0.00000000e+00 
 2.71216000e-03  0.00000000e+00  2.71216000e-03  0.00000000e+00 
 2.72216000e-03  0.00000000e+00  2.72216000e-03  0.00000000e+00 
 2.73216000e-03  0.00000000e+00  2.73216000e-03  0.00000000e+00 
 2.74216000e-03  0.00000000e+00  2.74216000e-03  0.00000000e+00 
 2.75216000e-03  0.00000000e+00  2.75216000e-03  0.00000000e+00 
 2.76216000e-03  0.00000000e+00  2.76216000e-03  0.00000000e+00 
 2.77216000e-03  0.00000000e+00  2.77216000e-03  0.00000000e+00 
 2.78216000e-03  0.00000000e+00  2.78216000e-03  0.00000000e+00 
 2.79216000e-03  0.00000000e+00  2.79216000e-03  0.00000000e+00 
 2.80216000e-03  0.00000000e+00  2.80216000e-03  0.00000000e+00 
 2.81216000e-03  0.00000000e+00  2.81216000e-03  0.00000000e+00 
 2.82216000e-03  0.00000000e+00  2.82216000e-03  0.00000000e+00 
 2.83216000e-03  0.00000000e+00  2.83216000e-03  0.00000000e+00 
 2.84216000e-03  0.00000000e+00  2.84216000e-03  0.00000000e+00 
 2.85216000e-03  0.00000000e+00  2.85216000e-03  0.00000000e+00 
 2.86216000e-03  0.00000000e+00  2.86216000e-03  0.00000000e+00 
 2.87216000e-03  0.00000000e+00  2.87216000e-03  0.00000000e+00 
 2.88216000e-03  0.00000000e+00  2.88216000e-03  0.00000000e+00 
 2.89216000e-03  0.00000000e+00  2.89216000e-03  0.00000000e+00 
 2.90216000e-03  0.00000000e+00  2.90216000e-03  0.00000000e+00 
 2.91216000e-03  0.00000000e+00  2.91216000e-03  0.00000000e+00 
 2.92216000e-03  0.00000000e+00  2.92216000e-03  0.00000000e+00 
 2.93216000e-03  0.00000000e+00  2.93216000e-03  0.00000000e+00 
 2.94216000e-03  0.00000000e+00  2.94216000e-03  0.00000000e+00 
 2.95216000e-03  0.00000000e+00  2.95216000e-03  0.00000000e+00 
 2.96216000e-03  0.00000000e+00  2.96216000e-03  0.00000000e+00 
 2.97216000e-03  0.00000000e+00  2.97216000e-03  0.00000000e+00 
 2.98216000e-03  0.00000000e+00  2.98216000e-03  0.00000000e+00 
 2.99216000e-03  0.00000000e+00  2.99216000e-03  0.00000000e+00 
 3.00000000e-03  0.00000000e+00  3.00000000e-03  0.00000000e+00 
 3.00010000e-03  5.00000000e-01  3.00010000e-03  1.20000000e+00 
 3.00030000e-03  1.50000000e+00  3.00030000e-03  3.60000000e+00 
 3.00070000e-03  3.50000000e+00  3.00070000e-03  8.40000000e+00 
 3.00100000e-03  5.00000000e+00  3.00100000e-03  1.20000000e+01 
 3.00108000e-03  5.00000000e+00  3.00108000e-03  1.20000000e+01 
 3.00124000e-03  5.00000000e+00  3.00124000e-03  1.20000000e+01 
 3.00156000e-03  5.00000000e+00  3.00156000e-03  1.20000000e+01 
 3.00220000e-03  5.00000000e+00  3.00220000e-03  1.20000000e+01 
 3.00348000e-03  5.00000000e+00  3.00348000e-03  1.20000000e+01 
 3.00604000e-03  5.00000000e+00  3.00604000e-03  1.20000000e+01 
 3.01116000e-03  5.00000000e+00  3.01116000e-03  1.20000000e+01 
 3.02116000e-03  5.00000000e+00  3.02116000e-03  1.20000000e+01 
 3.03116000e-03  5.00000000e+00  3.03116000e-03  1.20000000e+01 
 3.04116000e-03  5.00000000e+00  3.04116000e-03  1.20000000e+01 
 3.05116000e-03  5.00000000e+00  3.05116000e-03  1.20000000e+01 
 3.06116000e-03  5.00000000e+00  3.06116000e-03  1.20000000e+01 
 3.07116000e-03  5.00000000e+00  3.07116000e-03  1.20000000e+01 
 3.08116000e-03  5.00000000e+00  3.08116000e-03  1.20000000e+01 
 3.09116000e-03  5.00000000e+00  3.09116000e-03  1.20000000e+01 
 3.10116000e-03  5.00000000e+00  3.10116000e-03  1.20000000e+01 
 3.11116000e-03  5.00000000e+00  3.11116000e-03  1.20000000e+01 
 3.12116000e-03  5.00000000e+00  3.12116000e-03  1.20000000e+01 
 3.13116000e-03  5.00000000e+00  3.13116000e-03  1.20000000e+01 
 3.14116000e-03  5.00000000e+00  3.14116000e-03  1.20000000e+01 
 3.15116000e-03  5.00000000e+00  3.15116000e-03  1.20000000e+01 
 3.16116000e-03  5.00000000e+00  3.16116000e-03  1.20000000e+01 
 3.17116000e-03  5.00000000e+00  3.17116000e-03  1.20000000e+01 
 3.18116000e-03  5.00000000e+00  3.18116000e-03  1.20000000e+01 
 3.19116000e-03  5.00000000e+00  3.19116000e-03  1.20000000e+01 
 3.20116000e-03  5.00000000e+00  3.20116000e-03  1.20000000e+01 
 3.21116000e-03  5.00000000e+00  3.21116000e-03  1.20000000e+01 
 3.22116000e-03  5.00000000e+00  3.22116000e-03  1.20000000e+01 
 3.23116000e-03  5.00000000e+00  3.23116000e-03  1.20000000e+01 
 3.24116000e-03  5.00000000e+00  3.24116000e-03  1.20000000e+01 
 3.25116000e-03  5.00000000e+00  3.25116000e-03  1.20000000e+01 
 3.26116000e-03  5.00000000e+00  3.26116000e-03  1.20000000e+01 
 3.27116000e-03  5.00000000e+00  3.27116000e-03  1.20000000e+01 
 3.28116000e-03  5.00000000e+00  3.28116000e-03  1.20000000e+01 
 3.29116000e-03  5.00000000e+00  3.29116000e-03  1.20000000e+01 
 3.30116000e-03  5.00000000e+00  3.30116000e-03  1.20000000e+01 
 3.31116000e-03  5.00000000e+00  3.31116000e-03  1.20000000e+01 
 3.32116000e-03  5.00000000e+00  3.32116000e-03  1.20000000e+01 
 3.33116000e-03  5.00000000e+00  3.33116000e-03  1.20000000e+01 
 3.34116000e-03  5.00000000e+00  3.34116000e-03  1.20000000e+01 
 3.35116000e-03  5.00000000e+00  3.35116000e-03  1.20000000e+01 
 3.36116000e-03  5.00000000e+00  3.36116000e-03  1.20000000e+01 
 3.37116000e-03  5.00000000e+00  3.37116000e-03  1.20000000e+01 
 3.38116000e-03  5.00000000e+00  3.38116000e-03  1.20000000e+01 
 3.39116000e-03  5.00000000e+00  3.39116000e-03  1.20000000e+01 
 3.40116000e-03  5.00000000e+00  3.40116000e-03  1.20000000e+01 
 3.41116000e-03  5.00000000e+00  3.41116000e-03  1.20000000e+01 
 3.42116000e-03  5.00000000e+00  3.42116000e-03  1.20000000e+01 
 3.43116000e-03  5.00000000e+00  3.43116000e-03  1.20000000e+01 
 3.44116000e-03  5.00000000e+00  3.44116000e-03  1.20000000e+01 
 3.45116000e-03  5.00000000e+00  3.45116000e-03  1.20000000e+01 
 3.46116000e-03  5.00000000e+00  3.46116000e-03  1.20000000e+01 
 3.47116000e-03  5.00000000e+00  3.47116000e-03  1.20000000e+01 
 3.48116000e-03  5.00000000e+00  3.48116000e-03  1.20000000e+01 
 3.49116000e-03  5.00000000e+00  3.49116000e-03  1.20000000e+01 
 3.50100000e-03  5.00000000e+00  3.50100000e-03  1.20000000e+01 
 3.50110000e-03  4.50000000e+00  3.50110000e-03  1.08000000e+01 
 3.50130000e-03  3.50000000e+00  3.50130000e-03  8.40000000e+00 
 3.50170000e-03  1.50000000e+00  3.50170000e-03  3.60000000e+00 
 3.50200000e-03  0.00000000e+00  3.50200000e-03  0.00000000e+00 
 3.50208000e-03  0.00000000e+00  3.50208000e-03  0.00000000e+00 
 3.50224000e-03  0.00000000e+00  3.50224000e-03  0.00000000e+00 
 3.50256000e-03  0.00000000e+00  3.50256000e-03  0.00000000e+00 
 3.50320000e-03  0.00000000e+00  3.50320000e-03  0.00000000e+00 
 3.50448000e-03  0.00000000e+00  3.50448000e-03  0.00000000e+00 
 3.50704000e-03  0.00000000e+00  3.50704000e-03  0.00000000e+00 
 3.51216000e-03  0.00000000e+00  3.51216000e-03  0.00000000e+00 
 3.52216000e-03  0.00000000e+00  3.52216000e-03  0.00000000e+00 
 3.53216000e-03  0.00000000e+00  3.53216000e-03  0.00000000e+00 
 3.54216000e-03  0.00000000e+00  3.54216000e-03  0.00000000e+00 
 3.55216000e-03  0.00000000e+00  3.55216000e-03  0.00000000e+00 
 3.56216000e-03  0.00000000e+00  3.56216000e-03  0.00000000e+00 
 3.57216000e-03  0.00000000e+00  3.57216000e-03  0.00000000e+00 
 3.58216000e-03  0.00000000e+00  3.58216000e-03  0.00000000e+00 
 3.59216000e-03  0.00000000e+00  3.59216000e-03  0.00000000e+00 
 3.60216000e-03  0.00000000e+00  3.60216000e-03  0.00000000e+00 
 3.61216000e-03  0.00000000e+00  3.61216000e-03  0.00000000e+00 
 3.62216000e-03  0.00000000e+00  3.62216000e-03  0.00000000e+00 
 3.63216000e-03  0.00000000e+00  3.63216000e-03  0.00000000e+00 
 3.64216000e-03  0.00000000e+00  3.64216000e-03  0.00000000e+00 
 3.65216000e-03  0.00000000e+00  3.65216000e-03  0.00000000e+00 
 3.66216000e-03  0.00000000e+00  3.66216000e-03  0.00000000e+00 
 3.67216000e-03  0.00000000e+00  3.67216000e-03  0.00000000e+00 
 3.68216000e-03  0.00000000e+00  3.68216000e-03  0.00000000e+00 
 3.69216000e-03  0.00000000e+00  3.69216000e-03  0.00000000e+00 
 3.70216000e-03  0.00000000e+00  3.70216000e-03  0.00000000e+00 
 3.71216000e-03  0.00000000e+00  3.71216000e-03  0.00000000e+00 
 3.72216000e-03  0.00000000e+00  3.72216000e-03  0.00000000e+00 
 3.73216000e-03  0.00000000e+00  3.73216000e-03  0.00000000e+00 
 3.74216000e-03  0.00000000e+00  3.74216000e-03  0.00000000e+00 
 3.75216000e-03  0.00000000e+00  3.75216000e-03  0.00000000e+00 
 3.76216000e-03  0.00000000e+00  3.76216000e-03  0.00000000e+00 
 3.77216000e-03  0.00000000e+00  3.77216000e-03  0.00000000e+00 
 3.78216000e-03  0.00000000e+00  3.78216000e-03  0.00000000e+00 
 3.79216000e-03  0.00000000e+00  3.79216000e-03  0.00000000e+00 
 3.80216000e-03  0.00000000e+00  3.80216000e-03  0.00000000e+00 
 3.81216000e-03  0.00000000e+00  3.81216000e-03  0.00000000e+00 
 3.82216000e-03  0.00000000e+00  3.82216000e-03  0.00000000e+00 
 3.83216000e-03  0.00000000e+00  3.83216000e-03  0.00000000e+00 
 3.84216000e-03  0.00000000e+00  3.84216000e-03  0.00000000e+00 
 3.85216000e-03  0.00000000e+00  3.85216000e-03  0.00000000e+00 
 3.86216000e-03  0.00000000e+00  3.86216000e-03  0.00000000e+00 
 3.87216000e-03  0.00000000e+00  3.87216000e-03  0.00000000e+00 
 3.88216000e-03  0.00000000e+00  3.88216000e-03  0.00000000e+00 
 3.89216000e-03  0.00000000e+00  3.89216000e-03  0.00000000e+00 
 3.90216000e-03  0.00000000e+00  3.90216000e-03  0.00000000e+00 
 3.91216000e-03  0.00000000e+00  3.91216000e-03  0.00000000e+00 
 3.92216000e-03  0.00000000e+00  3.92216000e-03  0.00000000e+00 
 3.93216000e-03  0.00000000e+00  3.93216000e-03  0.00000000e+00 
 3.94216000e-03  0.00000000e+00  3.94216000e-03  0.00000000e+00 
 3.95216000e-03  0.00000000e+00  3.95216000e-03  0.00000000e+00 
 3.96216000e-03  0.00000000e+00  3.96216000e-03  0.00000000e+00 
 3.97216000e-03  0.00000000e+00  3.97216000e-03  0.00000000e+00 
 3.98216000e-03  0.00000000e+00  3.98216000e-03  0.00000000e+00 
 3.99216000e-03  0.00000000e+00  3.99216000e-03  0.00000000e+00 
 4.00000000e-03  0.00000000e+00  4.00000000e-03  0.00000000e+00 
 4.00010000e-03  5.00000000e-01  4.00010000e-03  1.20000000e+00 
 4.00030000e-03  1.50000000e+00  4.00030000e-03  3.60000000e+00 
 4.00070000e-03  3.50000000e+00  4.00070000e-03  8.40000000e+00 
 4.00100000e-03  5.00000000e+00  4.00100000e-03  1.20000000e+01 
 4.00108000e-03  5.00000000e+00  4.00108000e-03  1.20000000e+01 
 4.00124000e-03  5.00000000e+00  4.00124000e-03  1.20000000e+01 
 4.00156000e-03  5.00000000e+00  4.00156000e-03  1.20000000e+01 
 4.00220000e-03  5.00000000e+00  4.00220000e-03  1.20000000e+01 
 4.00348000e-03  5.00000000e+00  4.00348000e-03  1.20000000e+01 
 4.00604000e-03  5.00000000e+00  4.00604000e-03  1.20000000e+01 
 4.01116000e-03  5.00000000e+00  4.01116000e-03  1.20000000e+01 
 4.02116000e-03  5.00000000e+00  4.02116000e-03  1.20000000e+01 
 4.03116000e-03  5.00000000e+00  4.03116000e-03  1.20000000e+01 
 4.04116000e-03  5.00000000e+00  4.04116000e-03  1.20000000e+01 
 4.05116000e-03  5.00000000e+00  4.05116000e-03  1.20000000e+01 
 4.06116000e-03  5.00000000e+00  4.06116000e-03  1.20000000e+01 
 4.07116000e-03  5.00000000e+00  4.07116000e-03  1.20000000e+01 
 4.08116000e-03  5.00000000e+00  4.08116000e-03  1.20000000e+01 
 4.09116000e-03  5.00000000e+00  4.09116000e-03  1.20000000e+01 
 4.10116000e-03  5.00000000e+00  4.10116000e-03  1.20000000e+01 
 4.11116000e-03  5.00000000e+00  4.11116000e-03  1.20000000e+01 
 4.12116000e-03  5.00000000e+00  4.12116000e-03  1.20000000e+01 
 4.13116000e-03  5.00000000e+00  4.13116000e-03  1.20000000e+01 
 4.14116000e-03  5.00000000e+00  4.14116000e-03  1.20000000e+01 
 4.15116000e-03  5.00000000e+00  4.15116000e-03  1.20000000e+01 
 4.16116000e-03  5.00000000e+00  4.16116000e-03  1.20000000e+01 
 4.17116000e-03  5.00000000e+00  4.17116000e-03  1.20000000e+01 
 4.18116000e-03  5.00000000e+00  4.18116000e-03  1.20000000e+01 
 4.19116000e-03  5.00000000e+00  4.19116000e-03  1.20000000e+01 
 4.20116000e-03  5.00000000e+00  4.20116000e-03  1.20000000e+01 
 4.21116000e-03  5.00000000e+00  4.21116000e-03  1.20000000e+01 
 4.22116000e-03  5.00000000e+00  4.22116000e-03  1.20000000e+01 
 4.23116000e-03  5.00000000e+00  4.23116000e-03  1.20000000e+01 
 4.24116000e-03  5.00000000e+00  4.24116000e-03  1.20000000e+01 
 4.25116000e-03  5.00000000e+00  4.25116000e-03  1.20000000e+01 
 4.26116000e-03  5.00000000e+00  4.26116000e-03  1.20000000e+01 
 4.27116000e-03  5.00000000e+00  4.27116000e-03  1.20000000e+01 
 4.28116000e-03  5.00000000e+00  4.28116000e-03  1.20000000e+01 
 4.29116000e-03  5.00000000e+00  4.29116000e-03  1.20000000e+01 
 4.30116000e-03  5.00000000e+00  4.30116000e-03  1.20000000e+01 
 4.31116000e-03  5.00000000e+00  4.31116000e-03  1.20000000e+01 
 4.32116000e-03  5.00000000e+00  4.32116000e-03  1.20000000e+01 
 4.33116000e-03  5.00000000e+00  4.33116000e-03  1.20000000e+01 
 4.34116000e-03  5.00000000e+00  4.34116000e-03  1.20000000e+01 
 4.35116000e-03  5.00000000e+00  4.35116000e-03  1.20000000e+01 
 4.36116000e-03  5.00000000e+00  4.36116000e-03  1.20000000e+01 
 4.37116000e-03  5.00000000e+00  4.37116000e-03  1.20000000e+01 
 4.38116000e-03  5.00000000e+00  4.38116000e-03  1.20000000e+01 
 4.39116000e-03  5.00000000e+00  4.39116000e-03  1.20000000e+01 
 4.40116000e-03  5.00000000e+00  4.40116000e-03  1.20000000e+01 
 4.41116000e-03  5.00000000e+00  4.41116000e-03  1.20000000e+01 
 4.42116000e-03  5.00000000e+00  4.42116000e-03  1.20000000e+01 
 4.43116000e-03  5.00000000e+00  4.43116000e-03  1.20000000e+01 
 4.44116000e-03  5.00000000e+00  4.44116000e-03  1.20000000e+01 
 4.45116000e-03  5.00000000e+00  4.45116000e-03  1.20000000e+01 
 4.46116000e-03  5.00000000e+00  4.46116000e-03  1.20000000e+01 
 4.47116000e-03  5.00000000e+00  4.47116000e-03  1.20000000e+01 
 4.48116000e-03  5.00000000e+00  4.48116000e-03  1.20000000e+01 
 4.49116000e-03  5.00000000e+00  4.49116000e-03  1.20000000e+01 
 4.50100000e-03  5.00000000e+00  4.50100000e-03  1.20000000e+01 
 4.50110000e-03  4.50000000e+00  4.50110000e-03  1.08000000e+01 
 4.50130000e-03  3.50000000e+00  4.50130000e-03  8.40000000e+00 
 4.50170000e-03  1.50000000e+00  4.50170000e-03  3.60000000e+00 
 4.50200000e-03  0.00000000e+00  4.50200000e-03  0.00000000e+00 
 4.50208000e-03  0.00000000e+00  4.50208000e-03  0.00000000e+00 
 4.50224000e-03  0.00000000e+00  4.50224000e-03  0.00000000e+00 
 4.50256000e-03  0.00000000e+00  4.50256000e-03  0.00000000e+00 
 4.50320000e-03  0.00000000e+00  4.50320000e-03  0.00000000e+00 
 4.50448000e-03  0.00000000e+00  4.50448000e-03  0.00000000e+00 
 4.50704000e-03  0.00000000e+00  4.50704000e-03  0.00000000e+00 
 4.51216000e-03  0.00000000e+00  4.51216000e-03  0.00000000e+00 
 4.52216000e-03  0.00000000e+00  4.52216000e-03  0.00000000e+00 
 4.53216000e-03  0.00000000e+00  4.53216000e-03  0.00000000e+00 
 4.54216000e-03  0.00000000e+00  4.54216000e-03  0.00000000e+00 
 4.55216000e-03  0.00000000e+00  4.55216000e-03  0.00000000e+00 
 4.56216000e-03  0.00000000e+00  4.56216000e-03  0.00000000e+00 
 4.57216000e-03  0.00000000e+00  4.57216000e-03  0.00000000e+00 
 4.58216000e-03  0.00000000e+00  4.58216000e-03  0.00000000e+00 
 4.59216000e-03  0.00000000e+00  4.59216000e-03  0.00000000e+00 
 4.60216000e-03  0.00000000e+00  4.60216000e-03  0.00000000e+00 
 4.61216000e-03  0.00000000e+00  4.61216000e-03  0.00000000e+00 
 4.62216000e-03  0.00000000e+00  4.62216000e-03  0.00000000e+00 
 4.63216000e-03  0.00000000e+00  4.63216000e-03  0.00000000e+00 
 4.64216000e-03  0.00000000e+00  4.64216000e-03  0.00000000e+00 
 4.65216000e-03  0.00000000e+00  4.65216000e-03  0.00000000e+00 
 4.66216000e-03  0.00000000e+00  4.66216000e-03  0.00000000e+00 
 4.67216000e-03  0.00000000e+00  4.67216000e-03  0.00000000e+00 
 4.68216000e-03  0.00000000e+00  4.68216000e-03  0.00000000e+00 
 4.69216000e-03  0.00000000e+00  4.69216000e-03  0.00000000e+00 
 4.70216000e-03  0.00000000e+00  4.70216000e-03  0.00000000e+00 
 4.71216000e-03  0.00000000e+00  4.71216000e-03  0.00000000e+00 
 4.72216000e-03  0.00000000e+00  4.72216000e-03  0.00000000e+00 
 4.73216000e-03  0.00000000e+00  4.73216000e-03  0.00000000e+00 
 4.74216000e-03  0.00000000e+00  4.74216000e-03  0.00000000e+00 
 4.75216000e-03  0.00000000e+00  4.75216000e-03  0.00000000e+00 
 4.76216000e-03  0.00000000e+00  4.76216000e-03  0.00000000e+00 
 4.77216000e-03  0.00000000e+00  4.77216000e-03  0.00000000e+00 
 4.78216000e-03  0.00000000e+00  4.78216000e-03  0.00000000e+00 
 4.79216000e-03  0.00000000e+00  4.79216000e-03  0.00000000e+00 
 4.80216000e-03  0.00000000e+00  4.80216000e-03  0.00000000e+00 
 4.81216000e-03  0.00000000e+00  4.81216000e-03  0.00000000e+00 
 4.82216000e-03  0.00000000e+00  4.82216000e-03  0.00000000e+00 
 4.83216000e-03  0.00000000e+00  4.83216000e-03  0.00000000e+00 
 4.84216000e-03  0.00000000e+00  4.84216000e-03  0.00000000e+00 
 4.85216000e-03  0.00000000e+00  4.85216000e-03  0.00000000e+00 
 4.86216000e-03  0.00000000e+00  4.86216000e-03  0.00000000e+00 
 4.87216000e-03  0.00000000e+00  4.87216000e-03  0.00000000e+00 
 4.88216000e-03  0.00000000e+00  4.88216000e-03  0.00000000e+00 
 4.89216000e-03  0.00000000e+00  4.89216000e-03  0.00000000e+00 
 4.90216000e-03  0.00000000e+00  4.90216000e-03  0.00000000e+00 
 4.91216000e-03  0.00000000e+00  4.91216000e-03  0.00000000e+00 
 4.92216000e-03  0.00000000e+00  4.92216000e-03  0.00000000e+00 
 4.93216000e-03  0.00000000e+00  4.93216000e-03  0.00000000e+00 
 4.94216000e-03  0.00000000e+00  4.94216000e-03  0.00000000e+00 
 4.95216000e-03  0.00000000e+00  4.95216000e-03  0.00000000e+00 
 4.96216000e-03  0.00000000e+00  4.96216000e-03  0.00000000e+00 
 4.97216000e-03  0.00000000e+00  4.97216000e-03  0.00000000e+00 
 4.98216000e-03  0.00000000e+00  4.98216000e-03  0.00000000e+00 
 4.99216000e-03  0.00000000e+00  4.99216000e-03  0.00000000e+00 
 5.00000000e-03  0.00000000e+00  5.00000000e-03  0.00000000e+00 
