         * /home/fossee/updatedexamples/fet_amplifier/fet_amplifier.cir
         Transient Analysis  Thu Mar  3 21:01:51  2016
--------------------------------------------------------------------------------
Index   time            v1#branch       v2#branch       
--------------------------------------------------------------------------------
0	0.000000e+00	0.000000e+00	-2.66603e-03	
1	1.000000e-07	-2.03096e-10	-2.66603e-03	
2	2.000000e-07	-2.09648e-10	-2.66603e-03	
3	4.000000e-07	-2.22133e-10	-2.66603e-03	
4	8.000000e-07	-2.47096e-10	-2.66604e-03	
5	1.600000e-06	-2.97030e-10	-2.66605e-03	
6	3.200000e-06	-3.96888e-10	-2.66607e-03	
7	6.400000e-06	-5.96560e-10	-2.66612e-03	
8	1.280000e-05	-9.95385e-10	-2.66620e-03	
9	2.280000e-05	-1.61571e-09	-2.66633e-03	
10	3.280000e-05	-2.23017e-09	-2.66645e-03	
11	4.280000e-05	-2.83639e-09	-2.66656e-03	
12	5.280000e-05	-3.43168e-09	-2.66668e-03	
13	6.280000e-05	-4.01379e-09	-2.66678e-03	
14	7.280000e-05	-4.58018e-09	-2.66689e-03	
15	8.280000e-05	-5.12874e-09	-2.66698e-03	
16	9.280000e-05	-5.65708e-09	-2.66708e-03	
17	1.028000e-04	-6.16329e-09	-2.66717e-03	
18	1.128000e-04	-6.64514e-09	-2.66725e-03	
19	1.228000e-04	-7.10091e-09	-2.66733e-03	
20	1.328000e-04	-7.52861e-09	-2.66740e-03	
21	1.428000e-04	-7.92671e-09	-2.66747e-03	
22	1.528000e-04	-8.29345e-09	-2.66753e-03	
23	1.628000e-04	-8.62757e-09	-2.66759e-03	
24	1.728000e-04	-8.92756e-09	-2.66764e-03	
25	1.828000e-04	-9.19241e-09	-2.66768e-03	
26	1.928000e-04	-9.42089e-09	-2.66772e-03	
27	2.028000e-04	-9.61229e-09	-2.66775e-03	
28	2.128000e-04	-9.76565e-09	-2.66777e-03	
29	2.228000e-04	-9.88057e-09	-2.66779e-03	
30	2.328000e-04	-9.95639e-09	-2.66780e-03	
31	2.428000e-04	-9.99301e-09	-2.66780e-03	
32	2.528000e-04	-9.99010e-09	-2.66779e-03	
33	2.628000e-04	-9.94784e-09	-2.66778e-03	
34	2.728000e-04	-9.86623e-09	-2.66777e-03	
35	2.828000e-04	-9.74576e-09	-2.66774e-03	
36	2.928000e-04	-9.58674e-09	-2.66771e-03	
37	3.028000e-04	-9.38996e-09	-2.66767e-03	
38	3.128000e-04	-9.15603e-09	-2.66763e-03	
39	3.228000e-04	-8.88605e-09	-2.66758e-03	
40	3.328000e-04	-8.58090e-09	-2.66752e-03	
41	3.428000e-04	-8.24197e-09	-2.66746e-03	
42	3.528000e-04	-7.87042e-09	-2.66739e-03	
43	3.628000e-04	-7.46789e-09	-2.66731e-03	
44	3.728000e-04	-7.03578e-09	-2.66723e-03	
45	3.828000e-04	-6.57600e-09	-2.66715e-03	
46	3.928000e-04	-6.09017e-09	-2.66706e-03	
47	4.028000e-04	-5.58038e-09	-2.66697e-03	
48	4.128000e-04	-5.04847e-09	-2.66687e-03	
49	4.228000e-04	-4.49673e-09	-2.66677e-03	
50	4.328000e-04	-3.92714e-09	-2.66667e-03	
51	4.428000e-04	-3.34214e-09	-2.66657e-03	
52	4.528000e-04	-2.74385e-09	-2.66646e-03	
53	4.628000e-04	-2.13482e-09	-2.66635e-03	
54	4.728000e-04	-1.51726e-09	-2.66624e-03	

Index   time            v1#branch       v2#branch       
--------------------------------------------------------------------------------
55	4.828000e-04	-8.93801e-10	-2.66613e-03	
56	4.928000e-04	-2.66718e-10	-2.66601e-03	
57	5.028000e-04	3.613310e-10	-2.66590e-03	
58	5.128000e-04	9.880522e-10	-2.66579e-03	
59	5.228000e-04	1.610787e-09	-2.66568e-03	
60	5.328000e-04	2.227263e-09	-2.66557e-03	
61	5.428000e-04	2.834861e-09	-2.66546e-03	
62	5.528000e-04	3.431370e-09	-2.66535e-03	
63	5.628000e-04	4.014249e-09	-2.66525e-03	
64	5.728000e-04	4.581384e-09	-2.66515e-03	
65	5.828000e-04	5.130351e-09	-2.66505e-03	
66	5.928000e-04	5.659169e-09	-2.66496e-03	
67	6.028000e-04	6.165565e-09	-2.66487e-03	
68	6.128000e-04	6.647728e-09	-2.66478e-03	
69	6.228000e-04	7.103567e-09	-2.66470e-03	
70	6.328000e-04	7.531470e-09	-2.66463e-03	
71	6.428000e-04	7.929563e-09	-2.66456e-03	
72	6.528000e-04	8.296460e-09	-2.66450e-03	
73	6.628000e-04	8.630528e-09	-2.66444e-03	
74	6.728000e-04	8.930635e-09	-2.66439e-03	
75	6.828000e-04	9.195409e-09	-2.66434e-03	
76	6.928000e-04	9.423992e-09	-2.66430e-03	
77	7.028000e-04	9.615297e-09	-2.66427e-03	
78	7.128000e-04	9.768754e-09	-2.66425e-03	
79	7.228000e-04	9.883572e-09	-2.66423e-03	
80	7.328000e-04	9.959484e-09	-2.66422e-03	
81	7.428000e-04	9.996005e-09	-2.66422e-03	
82	7.528000e-04	9.993175e-09	-2.66423e-03	
83	7.628000e-04	9.950821e-09	-2.66424e-03	
84	7.728000e-04	9.869296e-09	-2.66426e-03	
85	7.828000e-04	9.748736e-09	-2.66428e-03	
86	7.928000e-04	9.589801e-09	-2.66431e-03	
87	8.028000e-04	9.392935e-09	-2.66435e-03	
88	8.128000e-04	9.159099e-09	-2.66440e-03	
89	8.228000e-04	8.889031e-09	-2.66445e-03	
90	8.328000e-04	8.583982e-09	-2.66451e-03	
91	8.428000e-04	8.244971e-09	-2.66458e-03	
92	8.528000e-04	7.873520e-09	-2.66465e-03	
93	8.628000e-04	7.470910e-09	-2.66473e-03	
94	8.728000e-04	7.038915e-09	-2.66481e-03	
95	8.828000e-04	6.579056e-09	-2.66489e-03	
96	8.928000e-04	6.093331e-09	-2.66498e-03	
97	9.028000e-04	5.583473e-09	-2.66508e-03	
98	9.128000e-04	5.051678e-09	-2.66518e-03	
99	9.228000e-04	4.499861e-09	-2.66528e-03	
100	9.328000e-04	3.930383e-09	-2.66538e-03	
101	9.428000e-04	3.345308e-09	-2.66549e-03	
102	9.528000e-04	2.747129e-09	-2.66560e-03	
103	9.628000e-04	2.138021e-09	-2.66571e-03	
104	9.728000e-04	1.520574e-09	-2.66582e-03	
105	9.828000e-04	8.970392e-10	-2.66593e-03	
106	9.928000e-04	2.700621e-10	-2.66604e-03	
107	1.002800e-03	-3.58068e-10	-2.66616e-03	
108	1.012800e-03	-9.84686e-10	-2.66627e-03	
109	1.022800e-03	-1.60751e-09	-2.66638e-03	
110	1.032800e-03	-2.22388e-09	-2.66649e-03	
111	1.042800e-03	-2.83157e-09	-2.66659e-03	
112	1.052800e-03	-3.42799e-09	-2.66670e-03	

Index   time            v1#branch       v2#branch       
--------------------------------------------------------------------------------
113	1.062800e-03	-4.01096e-09	-2.66680e-03	
114	1.072800e-03	-4.57801e-09	-2.66690e-03	
115	1.082800e-03	-5.12708e-09	-2.66699e-03	
116	1.092800e-03	-5.65581e-09	-2.66709e-03	
117	1.102800e-03	-6.16231e-09	-2.66717e-03	
118	1.112800e-03	-6.64439e-09	-2.66726e-03	
119	1.122800e-03	-7.10034e-09	-2.66733e-03	
120	1.132800e-03	-7.52817e-09	-2.66741e-03	
121	1.142800e-03	-7.92637e-09	-2.66747e-03	
122	1.152800e-03	-8.29319e-09	-2.66753e-03	
123	1.162800e-03	-8.62737e-09	-2.66759e-03	
124	1.172800e-03	-8.92741e-09	-2.66764e-03	
125	1.182800e-03	-9.19229e-09	-2.66768e-03	
126	1.192800e-03	-9.42080e-09	-2.66772e-03	
127	1.202800e-03	-9.61222e-09	-2.66775e-03	
128	1.212800e-03	-9.76560e-09	-2.66777e-03	
129	1.222800e-03	-9.88053e-09	-2.66779e-03	
130	1.232800e-03	-9.95636e-09	-2.66780e-03	
131	1.242800e-03	-9.99299e-09	-2.66780e-03	
132	1.252800e-03	-9.99008e-09	-2.66779e-03	
133	1.262800e-03	-9.94783e-09	-2.66778e-03	
134	1.272800e-03	-9.86622e-09	-2.66777e-03	
135	1.282800e-03	-9.74576e-09	-2.66774e-03	
136	1.292800e-03	-9.58673e-09	-2.66771e-03	
137	1.302800e-03	-9.38996e-09	-2.66767e-03	
138	1.312800e-03	-9.15603e-09	-2.66763e-03	
139	1.322800e-03	-8.88605e-09	-2.66758e-03	
140	1.332800e-03	-8.58090e-09	-2.66752e-03	
141	1.342800e-03	-8.24197e-09	-2.66746e-03	
142	1.352800e-03	-7.87042e-09	-2.66739e-03	
143	1.362800e-03	-7.46789e-09	-2.66731e-03	
144	1.372800e-03	-7.03578e-09	-2.66723e-03	
145	1.382800e-03	-6.57600e-09	-2.66715e-03	
146	1.392800e-03	-6.09017e-09	-2.66706e-03	
147	1.402800e-03	-5.58038e-09	-2.66697e-03	
148	1.412800e-03	-5.04848e-09	-2.66687e-03	
149	1.422800e-03	-4.49673e-09	-2.66677e-03	
150	1.432800e-03	-3.92714e-09	-2.66667e-03	
151	1.442800e-03	-3.34214e-09	-2.66657e-03	
152	1.452800e-03	-2.74385e-09	-2.66646e-03	
153	1.462800e-03	-2.13482e-09	-2.66635e-03	
154	1.472800e-03	-1.51726e-09	-2.66624e-03	
155	1.482800e-03	-8.93803e-10	-2.66613e-03	
156	1.492800e-03	-2.66720e-10	-2.66601e-03	
157	1.502800e-03	3.613296e-10	-2.66590e-03	
158	1.512800e-03	9.880505e-10	-2.66579e-03	
159	1.522800e-03	1.610785e-09	-2.66568e-03	
160	1.532800e-03	2.227261e-09	-2.66557e-03	
161	1.542800e-03	2.834860e-09	-2.66546e-03	
162	1.552800e-03	3.431368e-09	-2.66535e-03	
163	1.562800e-03	4.014248e-09	-2.66525e-03	
164	1.572800e-03	4.581382e-09	-2.66515e-03	
165	1.582800e-03	5.130350e-09	-2.66505e-03	
166	1.592800e-03	5.659167e-09	-2.66496e-03	
167	1.602800e-03	6.165564e-09	-2.66487e-03	
168	1.612800e-03	6.647726e-09	-2.66478e-03	
169	1.622800e-03	7.103566e-09	-2.66470e-03	
170	1.632800e-03	7.531468e-09	-2.66463e-03	

Index   time            v1#branch       v2#branch       
--------------------------------------------------------------------------------
171	1.642800e-03	7.929562e-09	-2.66456e-03	
172	1.652800e-03	8.296459e-09	-2.66450e-03	
173	1.662800e-03	8.630527e-09	-2.66444e-03	
174	1.672800e-03	8.930633e-09	-2.66439e-03	
175	1.682800e-03	9.195408e-09	-2.66434e-03	
176	1.692800e-03	9.423991e-09	-2.66430e-03	
177	1.702800e-03	9.615296e-09	-2.66427e-03	
178	1.712800e-03	9.768753e-09	-2.66425e-03	
179	1.722800e-03	9.883571e-09	-2.66423e-03	
180	1.732800e-03	9.959482e-09	-2.66422e-03	
181	1.742800e-03	9.996003e-09	-2.66422e-03	
182	1.752800e-03	9.993173e-09	-2.66423e-03	
183	1.762800e-03	9.950820e-09	-2.66424e-03	
184	1.772800e-03	9.869294e-09	-2.66426e-03	
185	1.782800e-03	9.748734e-09	-2.66428e-03	
186	1.792800e-03	9.589800e-09	-2.66431e-03	
187	1.802800e-03	9.392934e-09	-2.66435e-03	
188	1.812800e-03	9.159098e-09	-2.66440e-03	
189	1.822800e-03	8.889030e-09	-2.66445e-03	
190	1.832800e-03	8.583980e-09	-2.66451e-03	
191	1.842800e-03	8.244969e-09	-2.66458e-03	
192	1.852800e-03	7.873518e-09	-2.66465e-03	
193	1.862800e-03	7.470908e-09	-2.66473e-03	
194	1.872800e-03	7.038914e-09	-2.66481e-03	
195	1.882800e-03	6.579054e-09	-2.66489e-03	
196	1.892800e-03	6.093329e-09	-2.66498e-03	
197	1.902800e-03	5.583471e-09	-2.66508e-03	
198	1.912800e-03	5.051677e-09	-2.66518e-03	
199	1.922800e-03	4.499859e-09	-2.66528e-03	
200	1.932800e-03	3.930382e-09	-2.66538e-03	
201	1.942800e-03	3.345306e-09	-2.66549e-03	
202	1.952800e-03	2.747127e-09	-2.66560e-03	
203	1.962800e-03	2.138020e-09	-2.66571e-03	
204	1.972800e-03	1.520572e-09	-2.66582e-03	
205	1.982800e-03	8.970378e-10	-2.66593e-03	
206	1.992800e-03	2.700604e-10	-2.66604e-03	
207	2.002800e-03	-3.58069e-10	-2.66616e-03	
208	2.012800e-03	-9.84688e-10	-2.66627e-03	
209	2.022800e-03	-1.60751e-09	-2.66638e-03	
210	2.032800e-03	-2.22389e-09	-2.66649e-03	
211	2.042800e-03	-2.83157e-09	-2.66659e-03	
212	2.052800e-03	-3.42799e-09	-2.66670e-03	
213	2.062800e-03	-4.01096e-09	-2.66680e-03	
214	2.072800e-03	-4.57801e-09	-2.66690e-03	
215	2.082800e-03	-5.12708e-09	-2.66699e-03	
216	2.092800e-03	-5.65581e-09	-2.66709e-03	
217	2.102800e-03	-6.16231e-09	-2.66717e-03	
218	2.112800e-03	-6.64439e-09	-2.66726e-03	
219	2.122800e-03	-7.10034e-09	-2.66733e-03	
220	2.132800e-03	-7.52817e-09	-2.66741e-03	
221	2.142800e-03	-7.92637e-09	-2.66747e-03	
222	2.152800e-03	-8.29319e-09	-2.66753e-03	
223	2.162800e-03	-8.62737e-09	-2.66759e-03	
224	2.172800e-03	-8.92741e-09	-2.66764e-03	
225	2.182800e-03	-9.19229e-09	-2.66768e-03	
226	2.192800e-03	-9.42080e-09	-2.66772e-03	
227	2.202800e-03	-9.61222e-09	-2.66775e-03	
228	2.212800e-03	-9.76560e-09	-2.66777e-03	

Index   time            v1#branch       v2#branch       
--------------------------------------------------------------------------------
229	2.222800e-03	-9.88053e-09	-2.66779e-03	
230	2.232800e-03	-9.95636e-09	-2.66780e-03	
231	2.242800e-03	-9.99299e-09	-2.66780e-03	
232	2.252800e-03	-9.99008e-09	-2.66779e-03	
233	2.262800e-03	-9.94783e-09	-2.66778e-03	
234	2.272800e-03	-9.86622e-09	-2.66777e-03	
235	2.282800e-03	-9.74576e-09	-2.66774e-03	
236	2.292800e-03	-9.58673e-09	-2.66771e-03	
237	2.302800e-03	-9.38996e-09	-2.66767e-03	
238	2.312800e-03	-9.15603e-09	-2.66763e-03	
239	2.322800e-03	-8.88605e-09	-2.66758e-03	
240	2.332800e-03	-8.58090e-09	-2.66752e-03	
241	2.342800e-03	-8.24197e-09	-2.66746e-03	
242	2.352800e-03	-7.87042e-09	-2.66739e-03	
243	2.362800e-03	-7.46789e-09	-2.66731e-03	
244	2.372800e-03	-7.03579e-09	-2.66723e-03	
245	2.382800e-03	-6.57600e-09	-2.66715e-03	
246	2.392800e-03	-6.09017e-09	-2.66706e-03	
247	2.402800e-03	-5.58038e-09	-2.66697e-03	
248	2.412800e-03	-5.04848e-09	-2.66687e-03	
249	2.422800e-03	-4.49673e-09	-2.66677e-03	
250	2.432800e-03	-3.92714e-09	-2.66667e-03	
251	2.442800e-03	-3.34214e-09	-2.66657e-03	
252	2.452800e-03	-2.74385e-09	-2.66646e-03	
253	2.462800e-03	-2.13482e-09	-2.66635e-03	
254	2.472800e-03	-1.51726e-09	-2.66624e-03	
255	2.482800e-03	-8.93804e-10	-2.66613e-03	
256	2.492800e-03	-2.66721e-10	-2.66601e-03	
257	2.502800e-03	3.613281e-10	-2.66590e-03	
258	2.512800e-03	9.880487e-10	-2.66579e-03	
259	2.522800e-03	1.610784e-09	-2.66568e-03	
260	2.532800e-03	2.227259e-09	-2.66557e-03	
261	2.542800e-03	2.834858e-09	-2.66546e-03	
262	2.552800e-03	3.431366e-09	-2.66535e-03	
263	2.562800e-03	4.014246e-09	-2.66525e-03	
264	2.572800e-03	4.581380e-09	-2.66515e-03	
265	2.582800e-03	5.130348e-09	-2.66505e-03	
266	2.592800e-03	5.659165e-09	-2.66496e-03	
267	2.602800e-03	6.165563e-09	-2.66487e-03	
268	2.612800e-03	6.647724e-09	-2.66478e-03	
269	2.622800e-03	7.103564e-09	-2.66470e-03	
270	2.632800e-03	7.531467e-09	-2.66463e-03	
271	2.642800e-03	7.929560e-09	-2.66456e-03	
272	2.652800e-03	8.296457e-09	-2.66450e-03	
273	2.662800e-03	8.630526e-09	-2.66444e-03	
274	2.672800e-03	8.930631e-09	-2.66439e-03	
275	2.682800e-03	9.195406e-09	-2.66434e-03	
276	2.692800e-03	9.423989e-09	-2.66430e-03	
277	2.702800e-03	9.615294e-09	-2.66427e-03	
278	2.712800e-03	9.768751e-09	-2.66425e-03	
279	2.722800e-03	9.883570e-09	-2.66423e-03	
280	2.732800e-03	9.959481e-09	-2.66422e-03	
281	2.742800e-03	9.996002e-09	-2.66422e-03	
282	2.752800e-03	9.993171e-09	-2.66423e-03	
283	2.762800e-03	9.950818e-09	-2.66424e-03	
284	2.772800e-03	9.869292e-09	-2.66426e-03	
285	2.782800e-03	9.748733e-09	-2.66428e-03	
286	2.792800e-03	9.589798e-09	-2.66431e-03	

Index   time            v1#branch       v2#branch       
--------------------------------------------------------------------------------
287	2.802800e-03	9.392932e-09	-2.66435e-03	
288	2.812800e-03	9.159096e-09	-2.66440e-03	
289	2.822800e-03	8.889028e-09	-2.66445e-03	
290	2.832800e-03	8.583979e-09	-2.66451e-03	
291	2.842800e-03	8.244968e-09	-2.66458e-03	
292	2.852800e-03	7.873516e-09	-2.66465e-03	
293	2.862800e-03	7.470907e-09	-2.66473e-03	
294	2.872800e-03	7.038912e-09	-2.66481e-03	
295	2.882800e-03	6.579053e-09	-2.66489e-03	
296	2.892800e-03	6.093328e-09	-2.66498e-03	
297	2.902800e-03	5.583470e-09	-2.66508e-03	
298	2.912800e-03	5.051675e-09	-2.66518e-03	
299	2.922800e-03	4.499858e-09	-2.66528e-03	
300	2.932800e-03	3.930380e-09	-2.66538e-03	
301	2.942800e-03	3.345305e-09	-2.66549e-03	
302	2.952800e-03	2.747125e-09	-2.66560e-03	
303	2.962800e-03	2.138018e-09	-2.66571e-03	
304	2.972800e-03	1.520571e-09	-2.66582e-03	
305	2.982800e-03	8.970363e-10	-2.66593e-03	
306	2.992800e-03	2.700587e-10	-2.66604e-03	
307	3.002800e-03	-3.58071e-10	-2.66616e-03	
308	3.012800e-03	-9.84690e-10	-2.66627e-03	
309	3.022800e-03	-1.60751e-09	-2.66638e-03	
310	3.032800e-03	-2.22389e-09	-2.66649e-03	
311	3.042800e-03	-2.83158e-09	-2.66659e-03	
312	3.052800e-03	-3.42799e-09	-2.66670e-03	
313	3.062800e-03	-4.01097e-09	-2.66680e-03	
314	3.072800e-03	-4.57801e-09	-2.66690e-03	
315	3.082800e-03	-5.12708e-09	-2.66699e-03	
316	3.092800e-03	-5.65581e-09	-2.66709e-03	
317	3.102800e-03	-6.16231e-09	-2.66717e-03	
318	3.112800e-03	-6.64440e-09	-2.66726e-03	
319	3.122800e-03	-7.10034e-09	-2.66733e-03	
320	3.132800e-03	-7.52817e-09	-2.66741e-03	
321	3.142800e-03	-7.92637e-09	-2.66747e-03	
322	3.152800e-03	-8.29320e-09	-2.66753e-03	
323	3.162800e-03	-8.62738e-09	-2.66759e-03	
324	3.172800e-03	-8.92741e-09	-2.66764e-03	
325	3.182800e-03	-9.19230e-09	-2.66768e-03	
326	3.192800e-03	-9.42081e-09	-2.66772e-03	
327	3.202800e-03	-9.61222e-09	-2.66775e-03	
328	3.212800e-03	-9.76560e-09	-2.66777e-03	
329	3.222800e-03	-9.88053e-09	-2.66779e-03	
330	3.232800e-03	-9.95637e-09	-2.66780e-03	
331	3.242800e-03	-9.99299e-09	-2.66780e-03	
332	3.252800e-03	-9.99008e-09	-2.66779e-03	
333	3.262800e-03	-9.94783e-09	-2.66778e-03	
334	3.272800e-03	-9.86622e-09	-2.66777e-03	
335	3.282800e-03	-9.74576e-09	-2.66774e-03	
336	3.292800e-03	-9.58674e-09	-2.66771e-03	
337	3.302800e-03	-9.38996e-09	-2.66767e-03	
338	3.312800e-03	-9.15603e-09	-2.66763e-03	
339	3.322800e-03	-8.88605e-09	-2.66758e-03	
340	3.332800e-03	-8.58090e-09	-2.66752e-03	
341	3.342800e-03	-8.24197e-09	-2.66746e-03	
342	3.352800e-03	-7.87042e-09	-2.66739e-03	
343	3.362800e-03	-7.46789e-09	-2.66731e-03	
344	3.372800e-03	-7.03579e-09	-2.66723e-03	

Index   time            v1#branch       v2#branch       
--------------------------------------------------------------------------------
345	3.382800e-03	-6.57600e-09	-2.66715e-03	
346	3.392800e-03	-6.09017e-09	-2.66706e-03	
347	3.402800e-03	-5.58039e-09	-2.66697e-03	
348	3.412800e-03	-5.04848e-09	-2.66687e-03	
349	3.422800e-03	-4.49673e-09	-2.66677e-03	
350	3.432800e-03	-3.92715e-09	-2.66667e-03	
351	3.442800e-03	-3.34214e-09	-2.66657e-03	
352	3.452800e-03	-2.74385e-09	-2.66646e-03	
353	3.462800e-03	-2.13482e-09	-2.66635e-03	
354	3.472800e-03	-1.51726e-09	-2.66624e-03	
355	3.482800e-03	-8.93806e-10	-2.66613e-03	
356	3.492800e-03	-2.66723e-10	-2.66601e-03	
357	3.502800e-03	3.613267e-10	-2.66590e-03	
358	3.512800e-03	9.880470e-10	-2.66579e-03	
359	3.522800e-03	1.610783e-09	-2.66568e-03	
360	3.532800e-03	2.227257e-09	-2.66557e-03	
361	3.542800e-03	2.834857e-09	-2.66546e-03	
362	3.552800e-03	3.431364e-09	-2.66535e-03	
363	3.562800e-03	4.014245e-09	-2.66525e-03	
364	3.572800e-03	4.581379e-09	-2.66515e-03	
365	3.582800e-03	5.130347e-09	-2.66505e-03	
366	3.592800e-03	5.659164e-09	-2.66496e-03	
367	3.602800e-03	6.165561e-09	-2.66487e-03	
368	3.612800e-03	6.647722e-09	-2.66478e-03	
369	3.622800e-03	7.103563e-09	-2.66470e-03	
370	3.632800e-03	7.531465e-09	-2.66463e-03	
371	3.642800e-03	7.929559e-09	-2.66456e-03	
372	3.652800e-03	8.296455e-09	-2.66450e-03	
373	3.662800e-03	8.630524e-09	-2.66444e-03	
374	3.672800e-03	8.930629e-09	-2.66439e-03	
375	3.682800e-03	9.195405e-09	-2.66434e-03	
376	3.692800e-03	9.423987e-09	-2.66430e-03	
377	3.702800e-03	9.615293e-09	-2.66427e-03	
378	3.712800e-03	9.768749e-09	-2.66425e-03	
379	3.722800e-03	9.883568e-09	-2.66423e-03	
380	3.732800e-03	9.959479e-09	-2.66422e-03	
381	3.742800e-03	9.996000e-09	-2.66422e-03	
382	3.752800e-03	9.993170e-09	-2.66423e-03	
383	3.762800e-03	9.950817e-09	-2.66424e-03	
384	3.772800e-03	9.869291e-09	-2.66426e-03	
385	3.782800e-03	9.748731e-09	-2.66428e-03	
386	3.792800e-03	9.589796e-09	-2.66431e-03	
387	3.802800e-03	9.392931e-09	-2.66435e-03	
388	3.812800e-03	9.159094e-09	-2.66440e-03	
389	3.822800e-03	8.889027e-09	-2.66445e-03	
390	3.832800e-03	8.583977e-09	-2.66451e-03	
391	3.842800e-03	8.244966e-09	-2.66458e-03	
392	3.852800e-03	7.873514e-09	-2.66465e-03	
393	3.862800e-03	7.470906e-09	-2.66473e-03	
394	3.872800e-03	7.038910e-09	-2.66481e-03	
395	3.882800e-03	6.579052e-09	-2.66489e-03	
396	3.892800e-03	6.093326e-09	-2.66498e-03	
397	3.902800e-03	5.583469e-09	-2.66508e-03	
398	3.912800e-03	5.051673e-09	-2.66518e-03	
399	3.922800e-03	4.499857e-09	-2.66528e-03	
400	3.932800e-03	3.930378e-09	-2.66538e-03	
401	3.942800e-03	3.345304e-09	-2.66549e-03	
402	3.952800e-03	2.747123e-09	-2.66560e-03	

Index   time            v1#branch       v2#branch       
--------------------------------------------------------------------------------
403	3.962800e-03	2.138017e-09	-2.66571e-03	
404	3.972800e-03	1.520569e-09	-2.66582e-03	
405	3.982800e-03	8.970349e-10	-2.66593e-03	
406	3.992800e-03	2.700569e-10	-2.66604e-03	
407	4.002800e-03	-3.58072e-10	-2.66616e-03	
408	4.012800e-03	-9.84692e-10	-2.66627e-03	
409	4.022800e-03	-1.60751e-09	-2.66638e-03	
410	4.032800e-03	-2.22389e-09	-2.66649e-03	
411	4.042800e-03	-2.83158e-09	-2.66659e-03	
412	4.052800e-03	-3.42799e-09	-2.66670e-03	
413	4.062800e-03	-4.01097e-09	-2.66680e-03	
414	4.072800e-03	-4.57801e-09	-2.66690e-03	
415	4.082800e-03	-5.12708e-09	-2.66699e-03	
416	4.092800e-03	-5.65582e-09	-2.66709e-03	
417	4.102800e-03	-6.16231e-09	-2.66717e-03	
418	4.112800e-03	-6.64440e-09	-2.66726e-03	
419	4.122800e-03	-7.10034e-09	-2.66733e-03	
420	4.132800e-03	-7.52817e-09	-2.66741e-03	
421	4.142800e-03	-7.92637e-09	-2.66747e-03	
422	4.152800e-03	-8.29320e-09	-2.66753e-03	
423	4.162800e-03	-8.62738e-09	-2.66759e-03	
424	4.172800e-03	-8.92741e-09	-2.66764e-03	
425	4.182800e-03	-9.19230e-09	-2.66768e-03	
426	4.192800e-03	-9.42081e-09	-2.66772e-03	
427	4.202800e-03	-9.61222e-09	-2.66775e-03	
428	4.212800e-03	-9.76561e-09	-2.66777e-03	
429	4.222800e-03	-9.88053e-09	-2.66779e-03	
430	4.232800e-03	-9.95637e-09	-2.66780e-03	
431	4.242800e-03	-9.99299e-09	-2.66780e-03	
432	4.252800e-03	-9.99008e-09	-2.66779e-03	
433	4.262800e-03	-9.94783e-09	-2.66778e-03	
434	4.272800e-03	-9.86622e-09	-2.66777e-03	
435	4.282800e-03	-9.74576e-09	-2.66774e-03	
436	4.292800e-03	-9.58674e-09	-2.66771e-03	
437	4.302800e-03	-9.38996e-09	-2.66767e-03	
438	4.312800e-03	-9.15603e-09	-2.66763e-03	
439	4.322800e-03	-8.88605e-09	-2.66758e-03	
440	4.332800e-03	-8.58090e-09	-2.66752e-03	
441	4.342800e-03	-8.24198e-09	-2.66746e-03	
442	4.352800e-03	-7.87042e-09	-2.66739e-03	
443	4.362800e-03	-7.46789e-09	-2.66731e-03	
444	4.372800e-03	-7.03579e-09	-2.66723e-03	
445	4.382800e-03	-6.57601e-09	-2.66715e-03	
446	4.392800e-03	-6.09017e-09	-2.66706e-03	
447	4.402800e-03	-5.58039e-09	-2.66697e-03	
448	4.412800e-03	-5.04848e-09	-2.66687e-03	
449	4.422800e-03	-4.49674e-09	-2.66677e-03	
450	4.432800e-03	-3.92715e-09	-2.66667e-03	
451	4.442800e-03	-3.34214e-09	-2.66657e-03	
452	4.452800e-03	-2.74385e-09	-2.66646e-03	
453	4.462800e-03	-2.13482e-09	-2.66635e-03	
454	4.472800e-03	-1.51727e-09	-2.66624e-03	
455	4.482800e-03	-8.93807e-10	-2.66613e-03	
456	4.492800e-03	-2.66725e-10	-2.66601e-03	
457	4.502800e-03	3.613253e-10	-2.66590e-03	
458	4.512800e-03	9.880453e-10	-2.66579e-03	
459	4.522800e-03	1.610781e-09	-2.66568e-03	
460	4.532800e-03	2.227256e-09	-2.66557e-03	

Index   time            v1#branch       v2#branch       
--------------------------------------------------------------------------------
461	4.542800e-03	2.834855e-09	-2.66546e-03	
462	4.552800e-03	3.431363e-09	-2.66535e-03	
463	4.562800e-03	4.014243e-09	-2.66525e-03	
464	4.572800e-03	4.581377e-09	-2.66515e-03	
465	4.582800e-03	5.130345e-09	-2.66505e-03	
466	4.592800e-03	5.659162e-09	-2.66496e-03	
467	4.602800e-03	6.165560e-09	-2.66487e-03	
468	4.612800e-03	6.647721e-09	-2.66478e-03	
469	4.622800e-03	7.103561e-09	-2.66470e-03	
470	4.632800e-03	7.531463e-09	-2.66463e-03	
471	4.642800e-03	7.929557e-09	-2.66456e-03	
472	4.652800e-03	8.296453e-09	-2.66450e-03	
473	4.662800e-03	8.630523e-09	-2.66444e-03	
474	4.672800e-03	8.930628e-09	-2.66439e-03	
475	4.682800e-03	9.195403e-09	-2.66434e-03	
476	4.692800e-03	9.423985e-09	-2.66430e-03	
477	4.702800e-03	9.615292e-09	-2.66427e-03	
478	4.712800e-03	9.768747e-09	-2.66425e-03	
479	4.722800e-03	9.883567e-09	-2.66423e-03	
480	4.732800e-03	9.959477e-09	-2.66422e-03	
481	4.742800e-03	9.995999e-09	-2.66422e-03	
482	4.752800e-03	9.993168e-09	-2.66423e-03	
483	4.762800e-03	9.950815e-09	-2.66424e-03	
484	4.772800e-03	9.869289e-09	-2.66426e-03	
485	4.782800e-03	9.748730e-09	-2.66428e-03	
486	4.792800e-03	9.589794e-09	-2.66431e-03	
487	4.802800e-03	9.392929e-09	-2.66435e-03	
488	4.812800e-03	9.159092e-09	-2.66440e-03	
489	4.822800e-03	8.889026e-09	-2.66445e-03	
490	4.832800e-03	8.583975e-09	-2.66451e-03	
491	4.842800e-03	8.244965e-09	-2.66458e-03	
492	4.852800e-03	7.873513e-09	-2.66465e-03	
493	4.862800e-03	7.470904e-09	-2.66473e-03	
494	4.872800e-03	7.038908e-09	-2.66481e-03	
495	4.882800e-03	6.579050e-09	-2.66489e-03	
496	4.892800e-03	6.093324e-09	-2.66498e-03	
497	4.902800e-03	5.583467e-09	-2.66508e-03	
498	4.912800e-03	5.051671e-09	-2.66518e-03	
499	4.922800e-03	4.499855e-09	-2.66528e-03	
500	4.932800e-03	3.930376e-09	-2.66538e-03	
501	4.942800e-03	3.345302e-09	-2.66549e-03	
502	4.952800e-03	2.747122e-09	-2.66560e-03	
503	4.962800e-03	2.138015e-09	-2.66571e-03	
504	4.972800e-03	1.520567e-09	-2.66582e-03	
505	4.982800e-03	8.970334e-10	-2.66593e-03	
506	4.992800e-03	2.700552e-10	-2.66604e-03	
507	5.002800e-03	-3.58073e-10	-2.66616e-03	
508	5.012800e-03	-9.84693e-10	-2.66627e-03	
509	5.022800e-03	-1.60751e-09	-2.66638e-03	
510	5.032800e-03	-2.22389e-09	-2.66649e-03	
511	5.042800e-03	-2.83158e-09	-2.66659e-03	
512	5.052800e-03	-3.42800e-09	-2.66670e-03	
513	5.062800e-03	-4.01097e-09	-2.66680e-03	
514	5.072800e-03	-4.57802e-09	-2.66690e-03	
515	5.082800e-03	-5.12708e-09	-2.66699e-03	
516	5.092800e-03	-5.65582e-09	-2.66709e-03	
517	5.102800e-03	-6.16232e-09	-2.66717e-03	
518	5.112800e-03	-6.64440e-09	-2.66726e-03	

Index   time            v1#branch       v2#branch       
--------------------------------------------------------------------------------
519	5.122800e-03	-7.10035e-09	-2.66733e-03	
520	5.132800e-03	-7.52817e-09	-2.66741e-03	
521	5.142800e-03	-7.92638e-09	-2.66747e-03	
522	5.152800e-03	-8.29320e-09	-2.66753e-03	
523	5.162800e-03	-8.62738e-09	-2.66759e-03	
524	5.172800e-03	-8.92741e-09	-2.66764e-03	
525	5.182800e-03	-9.19230e-09	-2.66768e-03	
526	5.192800e-03	-9.42081e-09	-2.66772e-03	
527	5.202800e-03	-9.61222e-09	-2.66775e-03	
528	5.212800e-03	-9.76561e-09	-2.66777e-03	
529	5.222800e-03	-9.88053e-09	-2.66779e-03	
530	5.232800e-03	-9.95637e-09	-2.66780e-03	
531	5.242800e-03	-9.99300e-09	-2.66780e-03	
532	5.252800e-03	-9.99009e-09	-2.66779e-03	
533	5.262800e-03	-9.94783e-09	-2.66778e-03	
534	5.272800e-03	-9.86622e-09	-2.66777e-03	
535	5.282800e-03	-9.74576e-09	-2.66774e-03	
536	5.292800e-03	-9.58674e-09	-2.66771e-03	
537	5.302800e-03	-9.38996e-09	-2.66767e-03	
538	5.312800e-03	-9.15603e-09	-2.66763e-03	
539	5.322800e-03	-8.88605e-09	-2.66758e-03	
540	5.332800e-03	-8.58091e-09	-2.66752e-03	
541	5.342800e-03	-8.24198e-09	-2.66746e-03	
542	5.352800e-03	-7.87042e-09	-2.66739e-03	
543	5.362800e-03	-7.46789e-09	-2.66731e-03	
544	5.372800e-03	-7.03579e-09	-2.66723e-03	
545	5.382800e-03	-6.57601e-09	-2.66715e-03	
546	5.392800e-03	-6.09017e-09	-2.66706e-03	
547	5.402800e-03	-5.58039e-09	-2.66697e-03	
548	5.412800e-03	-5.04848e-09	-2.66687e-03	
549	5.422800e-03	-4.49674e-09	-2.66677e-03	
550	5.432800e-03	-3.92715e-09	-2.66667e-03	
551	5.442800e-03	-3.34215e-09	-2.66657e-03	
552	5.452800e-03	-2.74386e-09	-2.66646e-03	
553	5.462800e-03	-2.13482e-09	-2.66635e-03	
554	5.472800e-03	-1.51727e-09	-2.66624e-03	
555	5.482800e-03	-8.93808e-10	-2.66613e-03	
556	5.492800e-03	-2.66727e-10	-2.66601e-03	
557	5.502800e-03	3.613238e-10	-2.66590e-03	
558	5.512800e-03	9.880436e-10	-2.66579e-03	
559	5.522800e-03	1.610780e-09	-2.66568e-03	
560	5.532800e-03	2.227254e-09	-2.66557e-03	
561	5.542800e-03	2.834854e-09	-2.66546e-03	
562	5.552800e-03	3.431361e-09	-2.66535e-03	
563	5.562800e-03	4.014242e-09	-2.66525e-03	
564	5.572800e-03	4.581375e-09	-2.66515e-03	
565	5.582800e-03	5.130344e-09	-2.66505e-03	
566	5.592800e-03	5.659160e-09	-2.66496e-03	
567	5.602800e-03	6.165558e-09	-2.66487e-03	
568	5.612800e-03	6.647719e-09	-2.66478e-03	
569	5.622800e-03	7.103560e-09	-2.66470e-03	
570	5.632800e-03	7.531462e-09	-2.66463e-03	
571	5.642800e-03	7.929556e-09	-2.66456e-03	
572	5.652800e-03	8.296452e-09	-2.66450e-03	
573	5.662800e-03	8.630521e-09	-2.66444e-03	
574	5.672800e-03	8.930626e-09	-2.66439e-03	
575	5.682800e-03	9.195402e-09	-2.66434e-03	
576	5.692800e-03	9.423984e-09	-2.66430e-03	

Index   time            v1#branch       v2#branch       
--------------------------------------------------------------------------------
577	5.702800e-03	9.615290e-09	-2.66427e-03	
578	5.712800e-03	9.768746e-09	-2.66425e-03	
579	5.722800e-03	9.883565e-09	-2.66423e-03	
580	5.732800e-03	9.959475e-09	-2.66422e-03	
581	5.742800e-03	9.995997e-09	-2.66422e-03	
582	5.752800e-03	9.993166e-09	-2.66423e-03	
583	5.762800e-03	9.950814e-09	-2.66424e-03	
584	5.772800e-03	9.869287e-09	-2.66426e-03	
585	5.782800e-03	9.748728e-09	-2.66428e-03	
586	5.792800e-03	9.589793e-09	-2.66431e-03	
587	5.802800e-03	9.392928e-09	-2.66435e-03	
588	5.812800e-03	9.159091e-09	-2.66440e-03	
589	5.822800e-03	8.889024e-09	-2.66445e-03	
590	5.832800e-03	8.583973e-09	-2.66451e-03	
591	5.842800e-03	8.244963e-09	-2.66458e-03	
592	5.852800e-03	7.873511e-09	-2.66465e-03	
593	5.862800e-03	7.470903e-09	-2.66473e-03	
594	5.872800e-03	7.038907e-09	-2.66481e-03	
595	5.882800e-03	6.579049e-09	-2.66489e-03	
596	5.892800e-03	6.093322e-09	-2.66498e-03	
597	5.902800e-03	5.583466e-09	-2.66508e-03	
598	5.912800e-03	5.051670e-09	-2.66518e-03	
599	5.922800e-03	4.499854e-09	-2.66528e-03	
600	5.932800e-03	3.930375e-09	-2.66538e-03	
601	5.942800e-03	3.345301e-09	-2.66549e-03	
602	5.952800e-03	2.747120e-09	-2.66560e-03	
603	5.962800e-03	2.138014e-09	-2.66571e-03	
604	5.972800e-03	1.520565e-09	-2.66582e-03	
605	5.982800e-03	8.970320e-10	-2.66593e-03	
606	5.992800e-03	2.700535e-10	-2.66604e-03	
607	6.002800e-03	-3.58075e-10	-2.66616e-03	
608	6.012800e-03	-9.84695e-10	-2.66627e-03	
609	6.022800e-03	-1.60751e-09	-2.66638e-03	
610	6.032800e-03	-2.22389e-09	-2.66649e-03	
611	6.042800e-03	-2.83158e-09	-2.66659e-03	
612	6.052800e-03	-3.42800e-09	-2.66670e-03	
613	6.062800e-03	-4.01097e-09	-2.66680e-03	
614	6.072800e-03	-4.57802e-09	-2.66690e-03	
615	6.082800e-03	-5.12708e-09	-2.66699e-03	
616	6.092800e-03	-5.65582e-09	-2.66709e-03	
617	6.102800e-03	-6.16232e-09	-2.66717e-03	
618	6.112800e-03	-6.64440e-09	-2.66726e-03	
619	6.122800e-03	-7.10035e-09	-2.66733e-03	
620	6.132800e-03	-7.52818e-09	-2.66741e-03	
621	6.142800e-03	-7.92638e-09	-2.66747e-03	
622	6.152800e-03	-8.29320e-09	-2.66753e-03	
623	6.162800e-03	-8.62738e-09	-2.66759e-03	
624	6.172800e-03	-8.92741e-09	-2.66764e-03	
625	6.182800e-03	-9.19230e-09	-2.66768e-03	
626	6.192800e-03	-9.42081e-09	-2.66772e-03	
627	6.202800e-03	-9.61223e-09	-2.66775e-03	
628	6.212800e-03	-9.76561e-09	-2.66777e-03	
629	6.222800e-03	-9.88054e-09	-2.66779e-03	
630	6.232800e-03	-9.95637e-09	-2.66780e-03	
631	6.242800e-03	-9.99300e-09	-2.66780e-03	
632	6.252800e-03	-9.99009e-09	-2.66779e-03	
633	6.262800e-03	-9.94784e-09	-2.66778e-03	
634	6.272800e-03	-9.86623e-09	-2.66777e-03	

Index   time            v1#branch       v2#branch       
--------------------------------------------------------------------------------
635	6.282800e-03	-9.74576e-09	-2.66774e-03	
636	6.292800e-03	-9.58674e-09	-2.66771e-03	
637	6.302800e-03	-9.38997e-09	-2.66767e-03	
638	6.312800e-03	-9.15604e-09	-2.66763e-03	
639	6.322800e-03	-8.88606e-09	-2.66758e-03	
640	6.332800e-03	-8.58091e-09	-2.66752e-03	
641	6.342800e-03	-8.24198e-09	-2.66746e-03	
642	6.352800e-03	-7.87043e-09	-2.66739e-03	
643	6.362800e-03	-7.46789e-09	-2.66731e-03	
644	6.372800e-03	-7.03579e-09	-2.66723e-03	
645	6.382800e-03	-6.57601e-09	-2.66715e-03	
646	6.392800e-03	-6.09018e-09	-2.66706e-03	
647	6.402800e-03	-5.58039e-09	-2.66697e-03	
648	6.412800e-03	-5.04848e-09	-2.66687e-03	
649	6.422800e-03	-4.49674e-09	-2.66677e-03	
650	6.432800e-03	-3.92715e-09	-2.66667e-03	
651	6.442800e-03	-3.34215e-09	-2.66657e-03	
652	6.452800e-03	-2.74386e-09	-2.66646e-03	
653	6.462800e-03	-2.13482e-09	-2.66635e-03	
654	6.472800e-03	-1.51727e-09	-2.66624e-03	
655	6.482800e-03	-8.93810e-10	-2.66613e-03	
656	6.492800e-03	-2.66728e-10	-2.66601e-03	
657	6.502800e-03	3.613224e-10	-2.66590e-03	
658	6.512800e-03	9.880418e-10	-2.66579e-03	
659	6.522800e-03	1.610778e-09	-2.66568e-03	
660	6.532800e-03	2.227252e-09	-2.66557e-03	
661	6.542800e-03	2.834852e-09	-2.66546e-03	
662	6.552800e-03	3.431359e-09	-2.66535e-03	
663	6.562800e-03	4.014240e-09	-2.66525e-03	
664	6.572800e-03	4.581374e-09	-2.66515e-03	
665	6.582800e-03	5.130342e-09	-2.66505e-03	
666	6.592800e-03	5.659159e-09	-2.66496e-03	
667	6.602800e-03	6.165557e-09	-2.66487e-03	
668	6.612800e-03	6.647717e-09	-2.66478e-03	
669	6.622800e-03	7.103558e-09	-2.66470e-03	
670	6.632800e-03	7.531460e-09	-2.66463e-03	
671	6.642800e-03	7.929555e-09	-2.66456e-03	
672	6.652800e-03	8.296450e-09	-2.66450e-03	
673	6.662800e-03	8.630520e-09	-2.66444e-03	
674	6.672800e-03	8.930624e-09	-2.66439e-03	
675	6.682800e-03	9.195400e-09	-2.66434e-03	
676	6.692800e-03	9.423982e-09	-2.66430e-03	
677	6.702800e-03	9.615289e-09	-2.66427e-03	
678	6.712800e-03	9.768744e-09	-2.66425e-03	
679	6.722800e-03	9.883564e-09	-2.66423e-03	
680	6.732800e-03	9.959474e-09	-2.66422e-03	
681	6.742800e-03	9.995996e-09	-2.66422e-03	
682	6.752800e-03	9.993164e-09	-2.66423e-03	
683	6.762800e-03	9.950813e-09	-2.66424e-03	
684	6.772800e-03	9.869285e-09	-2.66426e-03	
685	6.782800e-03	9.748727e-09	-2.66428e-03	
686	6.792800e-03	9.589791e-09	-2.66431e-03	
687	6.802800e-03	9.392927e-09	-2.66435e-03	
688	6.812800e-03	9.159089e-09	-2.66440e-03	
689	6.822800e-03	8.889023e-09	-2.66445e-03	
690	6.832800e-03	8.583972e-09	-2.66451e-03	
691	6.842800e-03	8.244962e-09	-2.66458e-03	
692	6.852800e-03	7.873509e-09	-2.66465e-03	

Index   time            v1#branch       v2#branch       
--------------------------------------------------------------------------------
693	6.862800e-03	7.470901e-09	-2.66473e-03	
694	6.872800e-03	7.038905e-09	-2.66481e-03	
695	6.882800e-03	6.579047e-09	-2.66489e-03	
696	6.892800e-03	6.093321e-09	-2.66498e-03	
697	6.902800e-03	5.583464e-09	-2.66508e-03	
698	6.912800e-03	5.051668e-09	-2.66518e-03	
699	6.922800e-03	4.499852e-09	-2.66528e-03	
700	6.932800e-03	3.930373e-09	-2.66538e-03	
701	6.942800e-03	3.345299e-09	-2.66549e-03	
702	6.952800e-03	2.747118e-09	-2.66560e-03	
703	6.962800e-03	2.138012e-09	-2.66571e-03	
704	6.972800e-03	1.520564e-09	-2.66582e-03	
705	6.982800e-03	8.970305e-10	-2.66593e-03	
706	6.992800e-03	2.700518e-10	-2.66604e-03	
707	7.002800e-03	-3.58076e-10	-2.66616e-03	
708	7.012800e-03	-9.84697e-10	-2.66627e-03	
709	7.022800e-03	-1.60751e-09	-2.66638e-03	
710	7.032800e-03	-2.22389e-09	-2.66649e-03	
711	7.042800e-03	-2.83158e-09	-2.66659e-03	
712	7.052800e-03	-3.42800e-09	-2.66670e-03	
713	7.062800e-03	-4.01097e-09	-2.66680e-03	
714	7.072800e-03	-4.57802e-09	-2.66690e-03	
715	7.082800e-03	-5.12708e-09	-2.66699e-03	
716	7.092800e-03	-5.65582e-09	-2.66709e-03	
717	7.102800e-03	-6.16232e-09	-2.66717e-03	
718	7.112800e-03	-6.64440e-09	-2.66726e-03	
719	7.122800e-03	-7.10035e-09	-2.66733e-03	
720	7.132800e-03	-7.52818e-09	-2.66741e-03	
721	7.142800e-03	-7.92638e-09	-2.66747e-03	
722	7.152800e-03	-8.29320e-09	-2.66753e-03	
723	7.162800e-03	-8.62738e-09	-2.66759e-03	
724	7.172800e-03	-8.92742e-09	-2.66764e-03	
725	7.182800e-03	-9.19230e-09	-2.66768e-03	
726	7.192800e-03	-9.42081e-09	-2.66772e-03	
727	7.202800e-03	-9.61223e-09	-2.66775e-03	
728	7.212800e-03	-9.76561e-09	-2.66777e-03	
729	7.222800e-03	-9.88054e-09	-2.66779e-03	
730	7.232800e-03	-9.95637e-09	-2.66780e-03	
731	7.242800e-03	-9.99300e-09	-2.66780e-03	
732	7.252800e-03	-9.99009e-09	-2.66779e-03	
733	7.262800e-03	-9.94784e-09	-2.66778e-03	
734	7.272800e-03	-9.86623e-09	-2.66777e-03	
735	7.282800e-03	-9.74576e-09	-2.66774e-03	
736	7.292800e-03	-9.58674e-09	-2.66771e-03	
737	7.302800e-03	-9.38997e-09	-2.66767e-03	
738	7.312800e-03	-9.15604e-09	-2.66763e-03	
739	7.322800e-03	-8.88606e-09	-2.66758e-03	
740	7.332800e-03	-8.58091e-09	-2.66752e-03	
741	7.342800e-03	-8.24198e-09	-2.66746e-03	
742	7.352800e-03	-7.87043e-09	-2.66739e-03	
743	7.362800e-03	-7.46789e-09	-2.66731e-03	
744	7.372800e-03	-7.03579e-09	-2.66723e-03	
745	7.382800e-03	-6.57601e-09	-2.66715e-03	
746	7.392800e-03	-6.09018e-09	-2.66706e-03	
747	7.402800e-03	-5.58039e-09	-2.66697e-03	
748	7.412800e-03	-5.04849e-09	-2.66687e-03	
749	7.422800e-03	-4.49674e-09	-2.66677e-03	
750	7.432800e-03	-3.92715e-09	-2.66667e-03	

Index   time            v1#branch       v2#branch       
--------------------------------------------------------------------------------
751	7.442800e-03	-3.34215e-09	-2.66657e-03	
752	7.452800e-03	-2.74386e-09	-2.66646e-03	
753	7.462800e-03	-2.13483e-09	-2.66635e-03	
754	7.472800e-03	-1.51727e-09	-2.66624e-03	
755	7.482800e-03	-8.93811e-10	-2.66613e-03	
756	7.492800e-03	-2.66730e-10	-2.66601e-03	
757	7.502800e-03	3.613209e-10	-2.66590e-03	
758	7.512800e-03	9.880401e-10	-2.66579e-03	
759	7.522800e-03	1.610777e-09	-2.66568e-03	
760	7.532800e-03	2.227250e-09	-2.66557e-03	
761	7.542800e-03	2.834851e-09	-2.66546e-03	
762	7.552800e-03	3.431358e-09	-2.66535e-03	
763	7.562800e-03	4.014239e-09	-2.66525e-03	
764	7.572800e-03	4.581372e-09	-2.66515e-03	
765	7.582800e-03	5.130341e-09	-2.66505e-03	
766	7.592800e-03	5.659157e-09	-2.66496e-03	
767	7.602800e-03	6.165555e-09	-2.66487e-03	
768	7.612800e-03	6.647715e-09	-2.66478e-03	
769	7.622800e-03	7.103557e-09	-2.66470e-03	
770	7.632800e-03	7.531458e-09	-2.66463e-03	
771	7.642800e-03	7.929553e-09	-2.66456e-03	
772	7.652800e-03	8.296448e-09	-2.66450e-03	
773	7.662800e-03	8.630518e-09	-2.66444e-03	
774	7.672800e-03	8.930622e-09	-2.66439e-03	
775	7.682800e-03	9.195399e-09	-2.66434e-03	
776	7.692800e-03	9.423980e-09	-2.66430e-03	
777	7.702800e-03	9.615287e-09	-2.66427e-03	
778	7.712800e-03	9.768742e-09	-2.66425e-03	
779	7.722800e-03	9.883562e-09	-2.66423e-03	
780	7.732800e-03	9.959472e-09	-2.66422e-03	
781	7.742800e-03	9.995994e-09	-2.66422e-03	
782	7.752800e-03	9.993163e-09	-2.66423e-03	
783	7.762800e-03	9.950811e-09	-2.66424e-03	
784	7.772800e-03	9.869284e-09	-2.66426e-03	
785	7.782800e-03	9.748726e-09	-2.66428e-03	
786	7.792800e-03	9.589789e-09	-2.66431e-03	
787	7.802800e-03	9.392925e-09	-2.66435e-03	
788	7.812800e-03	9.159087e-09	-2.66440e-03	
789	7.822800e-03	8.889021e-09	-2.66445e-03	
790	7.832800e-03	8.583970e-09	-2.66451e-03	
791	7.842800e-03	8.244960e-09	-2.66458e-03	
792	7.852800e-03	7.873507e-09	-2.66465e-03	
793	7.862800e-03	7.470900e-09	-2.66473e-03	
794	7.872800e-03	7.038903e-09	-2.66481e-03	
795	7.882800e-03	6.579046e-09	-2.66489e-03	
796	7.892800e-03	6.093319e-09	-2.66498e-03	
797	7.902800e-03	5.583463e-09	-2.66508e-03	
798	7.912800e-03	5.051666e-09	-2.66518e-03	
799	7.922800e-03	4.499851e-09	-2.66528e-03	
800	7.932800e-03	3.930371e-09	-2.66538e-03	
801	7.942800e-03	3.345298e-09	-2.66549e-03	
802	7.952800e-03	2.747117e-09	-2.66560e-03	
803	7.962800e-03	2.138011e-09	-2.66571e-03	
804	7.972800e-03	1.520562e-09	-2.66582e-03	
805	7.982800e-03	8.970291e-10	-2.66593e-03	
806	7.992800e-03	2.700501e-10	-2.66604e-03	
807	8.002800e-03	-3.58078e-10	-2.66616e-03	
808	8.012800e-03	-9.84699e-10	-2.66627e-03	

Index   time            v1#branch       v2#branch       
--------------------------------------------------------------------------------
809	8.022800e-03	-1.60752e-09	-2.66638e-03	
810	8.032800e-03	-2.22390e-09	-2.66649e-03	
811	8.042800e-03	-2.83158e-09	-2.66659e-03	
812	8.052800e-03	-3.42800e-09	-2.66670e-03	
813	8.062800e-03	-4.01097e-09	-2.66680e-03	
814	8.072800e-03	-4.57802e-09	-2.66690e-03	
815	8.082800e-03	-5.12709e-09	-2.66699e-03	
816	8.092800e-03	-5.65582e-09	-2.66709e-03	
817	8.102800e-03	-6.16232e-09	-2.66717e-03	
818	8.112800e-03	-6.64441e-09	-2.66726e-03	
819	8.122800e-03	-7.10035e-09	-2.66733e-03	
820	8.132800e-03	-7.52818e-09	-2.66741e-03	
821	8.142800e-03	-7.92638e-09	-2.66747e-03	
822	8.152800e-03	-8.29321e-09	-2.66753e-03	
823	8.162800e-03	-8.62738e-09	-2.66759e-03	
824	8.172800e-03	-8.92742e-09	-2.66764e-03	
825	8.182800e-03	-9.19230e-09	-2.66768e-03	
826	8.192800e-03	-9.42081e-09	-2.66772e-03	
827	8.202800e-03	-9.61223e-09	-2.66775e-03	
828	8.212800e-03	-9.76561e-09	-2.66777e-03	
829	8.222800e-03	-9.88054e-09	-2.66779e-03	
830	8.232800e-03	-9.95638e-09	-2.66780e-03	
831	8.242800e-03	-9.99300e-09	-2.66780e-03	
832	8.252800e-03	-9.99009e-09	-2.66779e-03	
833	8.262800e-03	-9.94784e-09	-2.66778e-03	
834	8.272800e-03	-9.86623e-09	-2.66777e-03	
835	8.282800e-03	-9.74577e-09	-2.66774e-03	
836	8.292800e-03	-9.58674e-09	-2.66771e-03	
837	8.302800e-03	-9.38997e-09	-2.66767e-03	
838	8.312800e-03	-9.15604e-09	-2.66763e-03	
839	8.322800e-03	-8.88606e-09	-2.66758e-03	
840	8.332800e-03	-8.58091e-09	-2.66752e-03	
841	8.342800e-03	-8.24198e-09	-2.66746e-03	
842	8.352800e-03	-7.87043e-09	-2.66739e-03	
843	8.362800e-03	-7.46790e-09	-2.66731e-03	
844	8.372800e-03	-7.03580e-09	-2.66723e-03	
845	8.382800e-03	-6.57601e-09	-2.66715e-03	
846	8.392800e-03	-6.09018e-09	-2.66706e-03	
847	8.402800e-03	-5.58039e-09	-2.66697e-03	
848	8.412800e-03	-5.04849e-09	-2.66687e-03	
849	8.422800e-03	-4.49674e-09	-2.66677e-03	
850	8.432800e-03	-3.92715e-09	-2.66667e-03	
851	8.442800e-03	-3.34215e-09	-2.66657e-03	
852	8.452800e-03	-2.74386e-09	-2.66646e-03	
853	8.462800e-03	-2.13483e-09	-2.66635e-03	
854	8.472800e-03	-1.51727e-09	-2.66624e-03	
855	8.482800e-03	-8.93813e-10	-2.66613e-03	
856	8.492800e-03	-2.66732e-10	-2.66601e-03	
857	8.502800e-03	3.613195e-10	-2.66590e-03	
858	8.512800e-03	9.880384e-10	-2.66579e-03	
859	8.522800e-03	1.610775e-09	-2.66568e-03	
860	8.532800e-03	2.227249e-09	-2.66557e-03	
861	8.542800e-03	2.834850e-09	-2.66546e-03	
862	8.552800e-03	3.431356e-09	-2.66535e-03	
863	8.562800e-03	4.014237e-09	-2.66525e-03	
864	8.572800e-03	4.581370e-09	-2.66515e-03	
865	8.582800e-03	5.130339e-09	-2.66505e-03	
866	8.592800e-03	5.659155e-09	-2.66496e-03	

Index   time            v1#branch       v2#branch       
--------------------------------------------------------------------------------
867	8.602800e-03	6.165554e-09	-2.66487e-03	
868	8.612800e-03	6.647714e-09	-2.66478e-03	
869	8.622800e-03	7.103555e-09	-2.66470e-03	
870	8.632800e-03	7.531456e-09	-2.66463e-03	
871	8.642800e-03	7.929552e-09	-2.66456e-03	
872	8.652800e-03	8.296447e-09	-2.66450e-03	
873	8.662800e-03	8.630517e-09	-2.66444e-03	
874	8.672800e-03	8.930621e-09	-2.66439e-03	
875	8.682800e-03	9.195398e-09	-2.66434e-03	
876	8.692800e-03	9.423979e-09	-2.66430e-03	
877	8.702800e-03	9.615286e-09	-2.66427e-03	
878	8.712800e-03	9.768740e-09	-2.66425e-03	
879	8.722800e-03	9.883561e-09	-2.66423e-03	
880	8.732800e-03	9.959470e-09	-2.66422e-03	
881	8.742800e-03	9.995993e-09	-2.66422e-03	
882	8.752800e-03	9.993161e-09	-2.66423e-03	
883	8.762800e-03	9.950810e-09	-2.66424e-03	
884	8.772800e-03	9.869282e-09	-2.66426e-03	
885	8.782800e-03	9.748724e-09	-2.66428e-03	
886	8.792800e-03	9.589788e-09	-2.66431e-03	
887	8.802800e-03	9.392924e-09	-2.66435e-03	
888	8.812800e-03	9.159085e-09	-2.66440e-03	
889	8.822800e-03	8.889020e-09	-2.66445e-03	
890	8.832800e-03	8.583968e-09	-2.66451e-03	
891	8.842800e-03	8.244959e-09	-2.66458e-03	
892	8.852800e-03	7.873506e-09	-2.66465e-03	
893	8.862800e-03	7.470898e-09	-2.66473e-03	
894	8.872800e-03	7.038902e-09	-2.66481e-03	
895	8.882800e-03	6.579044e-09	-2.66489e-03	
896	8.892800e-03	6.093317e-09	-2.66498e-03	
897	8.902800e-03	5.583461e-09	-2.66508e-03	
898	8.912800e-03	5.051664e-09	-2.66518e-03	
899	8.922800e-03	4.499849e-09	-2.66528e-03	
900	8.932800e-03	3.930369e-09	-2.66538e-03	
901	8.942800e-03	3.345296e-09	-2.66549e-03	
902	8.952800e-03	2.747115e-09	-2.66560e-03	
903	8.962800e-03	2.138010e-09	-2.66571e-03	
904	8.972800e-03	1.520560e-09	-2.66582e-03	
905	8.982800e-03	8.970277e-10	-2.66593e-03	
906	8.992800e-03	2.700483e-10	-2.66604e-03	
907	9.002800e-03	-3.58079e-10	-2.66616e-03	
908	9.012800e-03	-9.84700e-10	-2.66627e-03	
909	9.022800e-03	-1.60752e-09	-2.66638e-03	
910	9.032800e-03	-2.22390e-09	-2.66649e-03	
911	9.042800e-03	-2.83158e-09	-2.66659e-03	
912	9.052800e-03	-3.42800e-09	-2.66670e-03	
913	9.062800e-03	-4.01097e-09	-2.66680e-03	
914	9.072800e-03	-4.57802e-09	-2.66690e-03	
915	9.082800e-03	-5.12709e-09	-2.66699e-03	
916	9.092800e-03	-5.65582e-09	-2.66709e-03	
917	9.102800e-03	-6.16232e-09	-2.66717e-03	
918	9.112800e-03	-6.64441e-09	-2.66726e-03	
919	9.122800e-03	-7.10035e-09	-2.66733e-03	
920	9.132800e-03	-7.52818e-09	-2.66741e-03	
921	9.142800e-03	-7.92638e-09	-2.66747e-03	
922	9.152800e-03	-8.29321e-09	-2.66753e-03	
923	9.162800e-03	-8.62738e-09	-2.66759e-03	
924	9.172800e-03	-8.92742e-09	-2.66764e-03	

Index   time            v1#branch       v2#branch       
--------------------------------------------------------------------------------
925	9.182800e-03	-9.19230e-09	-2.66768e-03	
926	9.192800e-03	-9.42082e-09	-2.66772e-03	
927	9.202800e-03	-9.61223e-09	-2.66775e-03	
928	9.212800e-03	-9.76562e-09	-2.66777e-03	
929	9.222800e-03	-9.88054e-09	-2.66779e-03	
930	9.232800e-03	-9.95638e-09	-2.66780e-03	
931	9.242800e-03	-9.99300e-09	-2.66780e-03	
932	9.252800e-03	-9.99009e-09	-2.66779e-03	
933	9.262800e-03	-9.94784e-09	-2.66778e-03	
934	9.272800e-03	-9.86623e-09	-2.66777e-03	
935	9.282800e-03	-9.74577e-09	-2.66774e-03	
936	9.292800e-03	-9.58675e-09	-2.66771e-03	
937	9.302800e-03	-9.38997e-09	-2.66767e-03	
938	9.312800e-03	-9.15604e-09	-2.66763e-03	
939	9.322800e-03	-8.88606e-09	-2.66758e-03	
940	9.332800e-03	-8.58091e-09	-2.66752e-03	
941	9.342800e-03	-8.24198e-09	-2.66746e-03	
942	9.352800e-03	-7.87043e-09	-2.66739e-03	
943	9.362800e-03	-7.46790e-09	-2.66731e-03	
944	9.372800e-03	-7.03580e-09	-2.66723e-03	
945	9.382800e-03	-6.57601e-09	-2.66715e-03	
946	9.392800e-03	-6.09018e-09	-2.66706e-03	
947	9.402800e-03	-5.58039e-09	-2.66697e-03	
948	9.412800e-03	-5.04849e-09	-2.66687e-03	
949	9.422800e-03	-4.49674e-09	-2.66677e-03	
950	9.432800e-03	-3.92716e-09	-2.66667e-03	
951	9.442800e-03	-3.34215e-09	-2.66657e-03	
952	9.452800e-03	-2.74386e-09	-2.66646e-03	
953	9.462800e-03	-2.13483e-09	-2.66635e-03	
954	9.472800e-03	-1.51727e-09	-2.66624e-03	
955	9.482800e-03	-8.93814e-10	-2.66613e-03	
956	9.492800e-03	-2.66733e-10	-2.66601e-03	
957	9.502800e-03	3.613180e-10	-2.66590e-03	
958	9.512800e-03	9.880367e-10	-2.66579e-03	
959	9.522800e-03	1.610774e-09	-2.66568e-03	
960	9.532800e-03	2.227247e-09	-2.66557e-03	
961	9.542800e-03	2.834848e-09	-2.66546e-03	
962	9.552800e-03	3.431354e-09	-2.66535e-03	
963	9.562800e-03	4.014236e-09	-2.66525e-03	
964	9.572800e-03	4.581368e-09	-2.66515e-03	
965	9.582800e-03	5.130338e-09	-2.66505e-03	
966	9.592800e-03	5.659153e-09	-2.66496e-03	
967	9.602800e-03	6.165553e-09	-2.66487e-03	
968	9.612800e-03	6.647712e-09	-2.66478e-03	
969	9.622800e-03	7.103554e-09	-2.66470e-03	
970	9.632800e-03	7.531455e-09	-2.66463e-03	
971	9.642800e-03	7.929550e-09	-2.66456e-03	
972	9.652800e-03	8.296445e-09	-2.66450e-03	
973	9.662800e-03	8.630516e-09	-2.66444e-03	
974	9.672800e-03	8.930619e-09	-2.66439e-03	
975	9.682800e-03	9.195396e-09	-2.66434e-03	
976	9.692800e-03	9.423977e-09	-2.66430e-03	
977	9.702800e-03	9.615284e-09	-2.66427e-03	
978	9.712800e-03	9.768739e-09	-2.66425e-03	
979	9.722800e-03	9.883559e-09	-2.66423e-03	
980	9.732800e-03	9.959469e-09	-2.66422e-03	
981	9.742800e-03	9.995992e-09	-2.66422e-03	
982	9.752800e-03	9.993159e-09	-2.66423e-03	

Index   time            v1#branch       v2#branch       
--------------------------------------------------------------------------------
983	9.762800e-03	9.950808e-09	-2.66424e-03	
984	9.772800e-03	9.869280e-09	-2.66426e-03	
985	9.782800e-03	9.748723e-09	-2.66428e-03	
986	9.792800e-03	9.589786e-09	-2.66431e-03	
987	9.802800e-03	9.392922e-09	-2.66435e-03	
988	9.812800e-03	9.159084e-09	-2.66440e-03	
989	9.822800e-03	8.889018e-09	-2.66445e-03	
990	9.832800e-03	8.583967e-09	-2.66451e-03	
991	9.842800e-03	8.244958e-09	-2.66458e-03	
992	9.852800e-03	7.873504e-09	-2.66465e-03	
993	9.862800e-03	7.470897e-09	-2.66473e-03	
994	9.872800e-03	7.038900e-09	-2.66481e-03	
995	9.882800e-03	6.579043e-09	-2.66489e-03	
996	9.892800e-03	6.093316e-09	-2.66498e-03	
997	9.902800e-03	5.583460e-09	-2.66508e-03	
998	9.912800e-03	5.051663e-09	-2.66518e-03	
999	9.922800e-03	4.499848e-09	-2.66528e-03	
1000	9.932800e-03	3.930368e-09	-2.66538e-03	
1001	9.942800e-03	3.345295e-09	-2.66549e-03	
1002	9.952800e-03	2.747113e-09	-2.66560e-03	
1003	9.962800e-03	2.138008e-09	-2.66571e-03	
1004	9.972800e-03	1.520559e-09	-2.66582e-03	
1005	9.982800e-03	8.970262e-10	-2.66593e-03	
1006	9.992800e-03	2.700466e-10	-2.66604e-03	
1007	1.000000e-02	-1.82192e-10	-2.66612e-03	
