    * /home/fossee/updatedexamples/fet_characteristic/fet_characteristic.cir
    DC transfer characteristic  Thu Mar  3 21:08:44  2016
--------------------------------------------------------------------------------
Index   v-sweep         id              net-_j1-pad2_   net-_u_id1-pad1 
--------------------------------------------------------------------------------
0	0.000000e+00	0.000000e+00	0.000000e+00	0.000000e+00	
1	1.000000e+01	1.000000e+01	0.000000e+00	1.000000e+01	
2	2.000000e+01	2.000000e+01	0.000000e+00	2.000000e+01	
3	3.000000e+01	3.000000e+01	0.000000e+00	3.000000e+01	
4	4.000000e+01	4.000000e+01	0.000000e+00	4.000000e+01	
5	5.000000e+01	5.000000e+01	0.000000e+00	5.000000e+01	
6	0.000000e+00	0.000000e+00	1.000000e-03	0.000000e+00	
7	1.000000e+01	1.000000e+01	1.000000e-03	1.000000e+01	
8	2.000000e+01	2.000000e+01	1.000000e-03	2.000000e+01	
9	3.000000e+01	3.000000e+01	1.000000e-03	3.000000e+01	
10	4.000000e+01	4.000000e+01	1.000000e-03	4.000000e+01	
11	5.000000e+01	5.000000e+01	1.000000e-03	5.000000e+01	
12	0.000000e+00	0.000000e+00	2.000000e-03	0.000000e+00	
13	1.000000e+01	1.000000e+01	2.000000e-03	1.000000e+01	
14	2.000000e+01	2.000000e+01	2.000000e-03	2.000000e+01	
15	3.000000e+01	3.000000e+01	2.000000e-03	3.000000e+01	
16	4.000000e+01	4.000000e+01	2.000000e-03	4.000000e+01	
17	5.000000e+01	5.000000e+01	2.000000e-03	5.000000e+01	
18	0.000000e+00	0.000000e+00	3.000000e-03	0.000000e+00	
19	1.000000e+01	1.000000e+01	3.000000e-03	1.000000e+01	
20	2.000000e+01	2.000000e+01	3.000000e-03	2.000000e+01	
21	3.000000e+01	3.000000e+01	3.000000e-03	3.000000e+01	
22	4.000000e+01	4.000000e+01	3.000000e-03	4.000000e+01	
23	5.000000e+01	5.000000e+01	3.000000e-03	5.000000e+01	
24	0.000000e+00	0.000000e+00	4.000000e-03	0.000000e+00	
25	1.000000e+01	1.000000e+01	4.000000e-03	1.000000e+01	
26	2.000000e+01	2.000000e+01	4.000000e-03	2.000000e+01	
27	3.000000e+01	3.000000e+01	4.000000e-03	3.000000e+01	
28	4.000000e+01	4.000000e+01	4.000000e-03	4.000000e+01	
29	5.000000e+01	5.000000e+01	4.000000e-03	5.000000e+01	
30	0.000000e+00	0.000000e+00	5.000000e-03	0.000000e+00	
31	1.000000e+01	1.000000e+01	5.000000e-03	1.000000e+01	
32	2.000000e+01	2.000000e+01	5.000000e-03	2.000000e+01	
33	3.000000e+01	3.000000e+01	5.000000e-03	3.000000e+01	
34	4.000000e+01	4.000000e+01	5.000000e-03	4.000000e+01	
35	5.000000e+01	5.000000e+01	5.000000e-03	5.000000e+01	

    * /home/fossee/updatedexamples/fet_characteristic/fet_characteristic.cir
    DC transfer characteristic  Thu Mar  3 21:08:44  2016
--------------------------------------------------------------------------------
Index   v-sweep         
--------------------------------------------------------------------------------
0	0.000000e+00	
1	1.000000e+01	
2	2.000000e+01	
3	3.000000e+01	
4	4.000000e+01	
5	5.000000e+01	
6	0.000000e+00	
7	1.000000e+01	
8	2.000000e+01	
9	3.000000e+01	
10	4.000000e+01	
11	5.000000e+01	
12	0.000000e+00	
13	1.000000e+01	
14	2.000000e+01	
15	3.000000e+01	
16	4.000000e+01	
17	5.000000e+01	
18	0.000000e+00	
19	1.000000e+01	
20	2.000000e+01	
21	3.000000e+01	
22	4.000000e+01	
23	5.000000e+01	
24	0.000000e+00	
25	1.000000e+01	
26	2.000000e+01	
27	3.000000e+01	
28	4.000000e+01	
29	5.000000e+01	
30	0.000000e+00	
31	1.000000e+01	
32	2.000000e+01	
33	3.000000e+01	
34	4.000000e+01	
35	5.000000e+01	
