 * /home/fossee/downloads/esim-master/examples/bjt_amplifier/bjt_amplifier.cir
 AC Analysis  Wed Aug 19 15:39:21  2015
--------------------------------------------------------------------------------
Index   frequency       net-_c1-pad1_                   
--------------------------------------------------------------------------------
0	1.000000e+02	4.966526e-01,	-1.33246e-03	
1	1.023293e+02	4.966285e-01,	-1.31400e-03	
2	1.047129e+02	4.966050e-01,	-1.29537e-03	
3	1.071519e+02	4.965822e-01,	-1.27659e-03	
4	1.096478e+02	4.965601e-01,	-1.25771e-03	
5	1.122018e+02	4.965386e-01,	-1.23873e-03	
6	1.148154e+02	4.965178e-01,	-1.21968e-03	
7	1.174898e+02	4.964976e-01,	-1.20059e-03	
8	1.202264e+02	4.964781e-01,	-1.18148e-03	
9	1.230269e+02	4.964592e-01,	-1.16237e-03	
10	1.258925e+02	4.964409e-01,	-1.14328e-03	
11	1.288250e+02	4.964232e-01,	-1.12422e-03	
12	1.318257e+02	4.964061e-01,	-1.10522e-03	
13	1.348963e+02	4.963895e-01,	-1.08630e-03	
14	1.380384e+02	4.963736e-01,	-1.06746e-03	
15	1.412538e+02	4.963582e-01,	-1.04873e-03	
16	1.445440e+02	4.963433e-01,	-1.03011e-03	
17	1.479108e+02	4.963290e-01,	-1.01163e-03	
18	1.513561e+02	4.963152e-01,	-9.93284e-04	
19	1.548817e+02	4.963018e-01,	-9.75097e-04	
20	1.584893e+02	4.962890e-01,	-9.57076e-04	
21	1.621810e+02	4.962767e-01,	-9.39230e-04	
22	1.659587e+02	4.962648e-01,	-9.21567e-04	
23	1.698244e+02	4.962533e-01,	-9.04097e-04	
24	1.737801e+02	4.962423e-01,	-8.86826e-04	
25	1.778279e+02	4.962317e-01,	-8.69761e-04	
26	1.819701e+02	4.962215e-01,	-8.52909e-04	
27	1.862087e+02	4.962118e-01,	-8.36274e-04	
28	1.905461e+02	4.962024e-01,	-8.19861e-04	
29	1.949845e+02	4.961933e-01,	-8.03675e-04	
30	1.995262e+02	4.961846e-01,	-7.87718e-04	
31	2.041738e+02	4.961763e-01,	-7.71996e-04	
32	2.089296e+02	4.961683e-01,	-7.56508e-04	
33	2.137962e+02	4.961606e-01,	-7.41259e-04	
34	2.187762e+02	4.961533e-01,	-7.26250e-04	
35	2.238721e+02	4.961462e-01,	-7.11481e-04	
36	2.290868e+02	4.961394e-01,	-6.96954e-04	
37	2.344229e+02	4.961329e-01,	-6.82669e-04	
38	2.398833e+02	4.961267e-01,	-6.68627e-04	
39	2.454709e+02	4.961207e-01,	-6.54828e-04	
40	2.511886e+02	4.961150e-01,	-6.41270e-04	
41	2.570396e+02	4.961095e-01,	-6.27953e-04	
42	2.630268e+02	4.961043e-01,	-6.14877e-04	
43	2.691535e+02	4.960992e-01,	-6.02040e-04	
44	2.754229e+02	4.960944e-01,	-5.89440e-04	
45	2.818383e+02	4.960898e-01,	-5.77077e-04	
46	2.884032e+02	4.960854e-01,	-5.64948e-04	
47	2.951209e+02	4.960811e-01,	-5.53052e-04	
48	3.019952e+02	4.960771e-01,	-5.41386e-04	
49	3.090295e+02	4.960732e-01,	-5.29948e-04	
50	3.162278e+02	4.960695e-01,	-5.18736e-04	
51	3.235937e+02	4.960659e-01,	-5.07747e-04	
52	3.311311e+02	4.960625e-01,	-4.96980e-04	
53	3.388442e+02	4.960592e-01,	-4.86430e-04	
54	3.467369e+02	4.960561e-01,	-4.76096e-04	

Index   frequency       net-_c1-pad1_                   
--------------------------------------------------------------------------------
55	3.548134e+02	4.960531e-01,	-4.65975e-04	
56	3.630781e+02	4.960503e-01,	-4.56064e-04	
57	3.715352e+02	4.960476e-01,	-4.46359e-04	
58	3.801894e+02	4.960449e-01,	-4.36859e-04	
59	3.890451e+02	4.960424e-01,	-4.27561e-04	
60	3.981072e+02	4.960400e-01,	-4.18460e-04	
61	4.073803e+02	4.960378e-01,	-4.09555e-04	
62	4.168694e+02	4.960356e-01,	-4.00842e-04	
63	4.265795e+02	4.960335e-01,	-3.92318e-04	
64	4.365158e+02	4.960315e-01,	-3.83981e-04	
65	4.466836e+02	4.960296e-01,	-3.75827e-04	
66	4.570882e+02	4.960278e-01,	-3.67853e-04	
67	4.677351e+02	4.960260e-01,	-3.60056e-04	
68	4.786301e+02	4.960243e-01,	-3.52434e-04	
69	4.897788e+02	4.960227e-01,	-3.44983e-04	
70	5.011872e+02	4.960212e-01,	-3.37700e-04	
71	5.128614e+02	4.960198e-01,	-3.30583e-04	
72	5.248075e+02	4.960184e-01,	-3.23629e-04	
73	5.370318e+02	4.960170e-01,	-3.16834e-04	
74	5.495409e+02	4.960158e-01,	-3.10196e-04	
75	5.623413e+02	4.960145e-01,	-3.03713e-04	
76	5.754399e+02	4.960134e-01,	-2.97380e-04	
77	5.888437e+02	4.960123e-01,	-2.91197e-04	
78	6.025596e+02	4.960112e-01,	-2.85159e-04	
79	6.165950e+02	4.960102e-01,	-2.79265e-04	
80	6.309573e+02	4.960092e-01,	-2.73511e-04	
81	6.456542e+02	4.960083e-01,	-2.67896e-04	
82	6.606934e+02	4.960074e-01,	-2.62416e-04	
83	6.760830e+02	4.960066e-01,	-2.57069e-04	
84	6.918310e+02	4.960058e-01,	-2.51853e-04	
85	7.079458e+02	4.960050e-01,	-2.46766e-04	
86	7.244360e+02	4.960042e-01,	-2.41804e-04	
87	7.413102e+02	4.960035e-01,	-2.36966e-04	
88	7.585776e+02	4.960029e-01,	-2.32249e-04	
89	7.762471e+02	4.960022e-01,	-2.27651e-04	
90	7.943282e+02	4.960016e-01,	-2.23171e-04	
91	8.128305e+02	4.960010e-01,	-2.18805e-04	
92	8.317638e+02	4.960005e-01,	-2.14552e-04	
93	8.511380e+02	4.959999e-01,	-2.10410e-04	
94	8.709636e+02	4.959994e-01,	-2.06377e-04	
95	8.912509e+02	4.959989e-01,	-2.02450e-04	
96	9.120108e+02	4.959985e-01,	-1.98628e-04	
97	9.332543e+02	4.959980e-01,	-1.94909e-04	
98	9.549926e+02	4.959976e-01,	-1.91292e-04	
99	9.772372e+02	4.959972e-01,	-1.87774e-04	
100	1.000000e+03	4.959968e-01,	-1.84353e-04	
101	1.023293e+03	4.959964e-01,	-1.81029e-04	
102	1.047129e+03	4.959961e-01,	-1.77799e-04	
103	1.071519e+03	4.959957e-01,	-1.74661e-04	
104	1.096478e+03	4.959954e-01,	-1.71615e-04	
105	1.122018e+03	4.959951e-01,	-1.68659e-04	
106	1.148154e+03	4.959948e-01,	-1.65791e-04	
107	1.174898e+03	4.959945e-01,	-1.63009e-04	
108	1.202264e+03	4.959942e-01,	-1.60313e-04	
109	1.230269e+03	4.959940e-01,	-1.57701e-04	
110	1.258925e+03	4.959937e-01,	-1.55171e-04	
111	1.288250e+03	4.959935e-01,	-1.52723e-04	
112	1.318257e+03	4.959933e-01,	-1.50355e-04	

Index   frequency       net-_c1-pad1_                   
--------------------------------------------------------------------------------
113	1.348963e+03	4.959931e-01,	-1.48066e-04	
114	1.380384e+03	4.959929e-01,	-1.45855e-04	
115	1.412538e+03	4.959927e-01,	-1.43720e-04	
116	1.445440e+03	4.959925e-01,	-1.41661e-04	
117	1.479108e+03	4.959923e-01,	-1.39677e-04	
118	1.513561e+03	4.959921e-01,	-1.37766e-04	
119	1.548817e+03	4.959920e-01,	-1.35928e-04	
120	1.584893e+03	4.959918e-01,	-1.34161e-04	
121	1.621810e+03	4.959917e-01,	-1.32465e-04	
122	1.659587e+03	4.959915e-01,	-1.30838e-04	
123	1.698244e+03	4.959914e-01,	-1.29281e-04	
124	1.737801e+03	4.959912e-01,	-1.27792e-04	
125	1.778279e+03	4.959911e-01,	-1.26370e-04	
126	1.819701e+03	4.959910e-01,	-1.25015e-04	
127	1.862087e+03	4.959909e-01,	-1.23726e-04	
128	1.905461e+03	4.959908e-01,	-1.22503e-04	
129	1.949845e+03	4.959907e-01,	-1.21344e-04	
130	1.995262e+03	4.959906e-01,	-1.20249e-04	
131	2.041738e+03	4.959905e-01,	-1.19218e-04	
132	2.089296e+03	4.959904e-01,	-1.18249e-04	
133	2.137962e+03	4.959903e-01,	-1.17343e-04	
134	2.187762e+03	4.959902e-01,	-1.16500e-04	
135	2.238721e+03	4.959902e-01,	-1.15718e-04	
136	2.290868e+03	4.959901e-01,	-1.14997e-04	
137	2.344229e+03	4.959900e-01,	-1.14336e-04	
138	2.398833e+03	4.959899e-01,	-1.13737e-04	
139	2.454709e+03	4.959899e-01,	-1.13197e-04	
140	2.511886e+03	4.959898e-01,	-1.12718e-04	
141	2.570396e+03	4.959898e-01,	-1.12298e-04	
142	2.630268e+03	4.959897e-01,	-1.11937e-04	
143	2.691535e+03	4.959896e-01,	-1.11636e-04	
144	2.754229e+03	4.959896e-01,	-1.11394e-04	
145	2.818383e+03	4.959895e-01,	-1.11211e-04	
146	2.884032e+03	4.959895e-01,	-1.11086e-04	
147	2.951209e+03	4.959894e-01,	-1.11021e-04	
148	3.019952e+03	4.959894e-01,	-1.11014e-04	
149	3.090295e+03	4.959894e-01,	-1.11067e-04	
150	3.162278e+03	4.959893e-01,	-1.11178e-04	
151	3.235937e+03	4.959893e-01,	-1.11347e-04	
152	3.311311e+03	4.959893e-01,	-1.11576e-04	
153	3.388442e+03	4.959892e-01,	-1.11864e-04	
154	3.467369e+03	4.959892e-01,	-1.12211e-04	
155	3.548134e+03	4.959892e-01,	-1.12618e-04	
156	3.630781e+03	4.959891e-01,	-1.13085e-04	
157	3.715352e+03	4.959891e-01,	-1.13611e-04	
158	3.801894e+03	4.959891e-01,	-1.14197e-04	
159	3.890451e+03	4.959890e-01,	-1.14844e-04	
160	3.981072e+03	4.959890e-01,	-1.15552e-04	
161	4.073803e+03	4.959890e-01,	-1.16321e-04	
162	4.168694e+03	4.959890e-01,	-1.17152e-04	
163	4.265795e+03	4.959889e-01,	-1.18045e-04	
164	4.365158e+03	4.959889e-01,	-1.19000e-04	
165	4.466836e+03	4.959889e-01,	-1.20019e-04	
166	4.570882e+03	4.959889e-01,	-1.21101e-04	
167	4.677351e+03	4.959889e-01,	-1.22247e-04	
168	4.786301e+03	4.959888e-01,	-1.23458e-04	
169	4.897788e+03	4.959888e-01,	-1.24735e-04	
170	5.011872e+03	4.959888e-01,	-1.26077e-04	

Index   frequency       net-_c1-pad1_                   
--------------------------------------------------------------------------------
171	5.128614e+03	4.959888e-01,	-1.27487e-04	
172	5.248075e+03	4.959888e-01,	-1.28964e-04	
173	5.370318e+03	4.959888e-01,	-1.30510e-04	
174	5.495409e+03	4.959888e-01,	-1.32124e-04	
175	5.623413e+03	4.959887e-01,	-1.33809e-04	
176	5.754399e+03	4.959887e-01,	-1.35564e-04	
177	5.888437e+03	4.959887e-01,	-1.37392e-04	
178	6.025596e+03	4.959887e-01,	-1.39292e-04	
179	6.165950e+03	4.959887e-01,	-1.41266e-04	
180	6.309573e+03	4.959887e-01,	-1.43315e-04	
181	6.456542e+03	4.959887e-01,	-1.45440e-04	
182	6.606934e+03	4.959887e-01,	-1.47643e-04	
183	6.760830e+03	4.959886e-01,	-1.49923e-04	
184	6.918310e+03	4.959886e-01,	-1.52283e-04	
185	7.079458e+03	4.959886e-01,	-1.54724e-04	
186	7.244360e+03	4.959886e-01,	-1.57246e-04	
187	7.413102e+03	4.959886e-01,	-1.59852e-04	
188	7.585776e+03	4.959886e-01,	-1.62543e-04	
189	7.762471e+03	4.959886e-01,	-1.65320e-04	
190	7.943282e+03	4.959886e-01,	-1.68185e-04	
191	8.128305e+03	4.959886e-01,	-1.71138e-04	
192	8.317638e+03	4.959886e-01,	-1.74183e-04	
193	8.511380e+03	4.959885e-01,	-1.77320e-04	
194	8.709636e+03	4.959885e-01,	-1.80551e-04	
195	8.912509e+03	4.959885e-01,	-1.83877e-04	
196	9.120108e+03	4.959885e-01,	-1.87302e-04	
197	9.332543e+03	4.959885e-01,	-1.90825e-04	
198	9.549926e+03	4.959885e-01,	-1.94450e-04	
199	9.772372e+03	4.959885e-01,	-1.98177e-04	
200	1.000000e+04	4.959885e-01,	-2.02010e-04	

 * /home/fossee/downloads/esim-master/examples/bjt_amplifier/bjt_amplifier.cir
 AC Analysis  Wed Aug 19 15:39:21  2015
--------------------------------------------------------------------------------
Index   frequency       net-_c1-pad2_                   
--------------------------------------------------------------------------------
0	1.000000e+02	4.955923e-01,	1.331284e-03	
1	1.023293e+02	4.956067e-01,	1.307887e-03	
2	1.047129e+02	4.956206e-01,	1.284670e-03	
3	1.071519e+02	4.956342e-01,	1.261643e-03	
4	1.096478e+02	4.956473e-01,	1.238815e-03	
5	1.122018e+02	4.956601e-01,	1.216194e-03	
6	1.148154e+02	4.956725e-01,	1.193789e-03	
7	1.174898e+02	4.956845e-01,	1.171606e-03	
8	1.202264e+02	4.956961e-01,	1.149654e-03	
9	1.230269e+02	4.957073e-01,	1.127940e-03	
10	1.258925e+02	4.957182e-01,	1.106469e-03	
11	1.288250e+02	4.957287e-01,	1.085247e-03	
12	1.318257e+02	4.957389e-01,	1.064280e-03	
13	1.348963e+02	4.957487e-01,	1.043572e-03	
14	1.380384e+02	4.957582e-01,	1.023129e-03	
15	1.412538e+02	4.957674e-01,	1.002954e-03	
16	1.445440e+02	4.957762e-01,	9.830513e-04	
17	1.479108e+02	4.957847e-01,	9.634231e-04	
18	1.513561e+02	4.957929e-01,	9.440725e-04	
19	1.548817e+02	4.958008e-01,	9.250018e-04	
20	1.584893e+02	4.958085e-01,	9.062128e-04	
21	1.621810e+02	4.958158e-01,	8.877070e-04	
22	1.659587e+02	4.958229e-01,	8.694856e-04	
23	1.698244e+02	4.958297e-01,	8.515491e-04	
24	1.737801e+02	4.958362e-01,	8.338980e-04	
25	1.778279e+02	4.958425e-01,	8.165324e-04	
26	1.819701e+02	4.958486e-01,	7.994520e-04	
27	1.862087e+02	4.958544e-01,	7.826562e-04	
28	1.905461e+02	4.958600e-01,	7.661441e-04	
29	1.949845e+02	4.958653e-01,	7.499147e-04	
30	1.995262e+02	4.958705e-01,	7.339666e-04	
31	2.041738e+02	4.958754e-01,	7.182982e-04	
32	2.089296e+02	4.958802e-01,	7.029077e-04	
33	2.137962e+02	4.958847e-01,	6.877930e-04	
34	2.187762e+02	4.958891e-01,	6.729520e-04	
35	2.238721e+02	4.958933e-01,	6.583822e-04	
36	2.290868e+02	4.958973e-01,	6.440810e-04	
37	2.344229e+02	4.959012e-01,	6.300459e-04	
38	2.398833e+02	4.959049e-01,	6.162740e-04	
39	2.454709e+02	4.959085e-01,	6.027622e-04	
40	2.511886e+02	4.959119e-01,	5.895076e-04	
41	2.570396e+02	4.959151e-01,	5.765069e-04	
42	2.630268e+02	4.959182e-01,	5.637569e-04	
43	2.691535e+02	4.959212e-01,	5.512543e-04	
44	2.754229e+02	4.959241e-01,	5.389956e-04	
45	2.818383e+02	4.959268e-01,	5.269774e-04	
46	2.884032e+02	4.959295e-01,	5.151961e-04	
47	2.951209e+02	4.959320e-01,	5.036481e-04	
48	3.019952e+02	4.959344e-01,	4.923299e-04	
49	3.090295e+02	4.959367e-01,	4.812378e-04	
50	3.162278e+02	4.959389e-01,	4.703681e-04	
51	3.235937e+02	4.959410e-01,	4.597172e-04	
52	3.311311e+02	4.959431e-01,	4.492813e-04	
53	3.388442e+02	4.959450e-01,	4.390568e-04	
54	3.467369e+02	4.959469e-01,	4.290399e-04	

Index   frequency       net-_c1-pad2_                   
--------------------------------------------------------------------------------
55	3.548134e+02	4.959486e-01,	4.192270e-04	
56	3.630781e+02	4.959503e-01,	4.096143e-04	
57	3.715352e+02	4.959519e-01,	4.001982e-04	
58	3.801894e+02	4.959535e-01,	3.909750e-04	
59	3.890451e+02	4.959550e-01,	3.819410e-04	
60	3.981072e+02	4.959564e-01,	3.730927e-04	
61	4.073803e+02	4.959578e-01,	3.644265e-04	
62	4.168694e+02	4.959591e-01,	3.559387e-04	
63	4.265795e+02	4.959603e-01,	3.476258e-04	
64	4.365158e+02	4.959615e-01,	3.394843e-04	
65	4.466836e+02	4.959626e-01,	3.315108e-04	
66	4.570882e+02	4.959637e-01,	3.237017e-04	
67	4.677351e+02	4.959647e-01,	3.160538e-04	
68	4.786301e+02	4.959657e-01,	3.085635e-04	
69	4.897788e+02	4.959667e-01,	3.012277e-04	
70	5.011872e+02	4.959676e-01,	2.940430e-04	
71	5.128614e+02	4.959685e-01,	2.870061e-04	
72	5.248075e+02	4.959693e-01,	2.801138e-04	
73	5.370318e+02	4.959701e-01,	2.733631e-04	
74	5.495409e+02	4.959708e-01,	2.667507e-04	
75	5.623413e+02	4.959716e-01,	2.602737e-04	
76	5.754399e+02	4.959723e-01,	2.539289e-04	
77	5.888437e+02	4.959729e-01,	2.477134e-04	
78	6.025596e+02	4.959735e-01,	2.416242e-04	
79	6.165950e+02	4.959741e-01,	2.356585e-04	
80	6.309573e+02	4.959747e-01,	2.298133e-04	
81	6.456542e+02	4.959753e-01,	2.240860e-04	
82	6.606934e+02	4.959758e-01,	2.184736e-04	
83	6.760830e+02	4.959763e-01,	2.129735e-04	
84	6.918310e+02	4.959768e-01,	2.075830e-04	
85	7.079458e+02	4.959772e-01,	2.022995e-04	
86	7.244360e+02	4.959777e-01,	1.971203e-04	
87	7.413102e+02	4.959781e-01,	1.920430e-04	
88	7.585776e+02	4.959785e-01,	1.870649e-04	
89	7.762471e+02	4.959789e-01,	1.821837e-04	
90	7.943282e+02	4.959792e-01,	1.773969e-04	
91	8.128305e+02	4.959796e-01,	1.727020e-04	
92	8.317638e+02	4.959799e-01,	1.680968e-04	
93	8.511380e+02	4.959802e-01,	1.635790e-04	
94	8.709636e+02	4.959806e-01,	1.591462e-04	
95	8.912509e+02	4.959808e-01,	1.547962e-04	
96	9.120108e+02	4.959811e-01,	1.505268e-04	
97	9.332543e+02	4.959814e-01,	1.463359e-04	
98	9.549926e+02	4.959816e-01,	1.422213e-04	
99	9.772372e+02	4.959819e-01,	1.381809e-04	
100	1.000000e+03	4.959821e-01,	1.342127e-04	
101	1.023293e+03	4.959823e-01,	1.303146e-04	
102	1.047129e+03	4.959825e-01,	1.264846e-04	
103	1.071519e+03	4.959827e-01,	1.227208e-04	
104	1.096478e+03	4.959829e-01,	1.190212e-04	
105	1.122018e+03	4.959831e-01,	1.153839e-04	
106	1.148154e+03	4.959833e-01,	1.118071e-04	
107	1.174898e+03	4.959835e-01,	1.082889e-04	
108	1.202264e+03	4.959836e-01,	1.048274e-04	
109	1.230269e+03	4.959838e-01,	1.014209e-04	
110	1.258925e+03	4.959839e-01,	9.806769e-05	
111	1.288250e+03	4.959841e-01,	9.476592e-05	
112	1.318257e+03	4.959842e-01,	9.151390e-05	

Index   frequency       net-_c1-pad2_                   
--------------------------------------------------------------------------------
113	1.348963e+03	4.959843e-01,	8.830995e-05	
114	1.380384e+03	4.959844e-01,	8.515240e-05	
115	1.412538e+03	4.959846e-01,	8.203961e-05	
116	1.445440e+03	4.959847e-01,	7.896994e-05	
117	1.479108e+03	4.959848e-01,	7.594180e-05	
118	1.513561e+03	4.959849e-01,	7.295361e-05	
119	1.548817e+03	4.959850e-01,	7.000380e-05	
120	1.584893e+03	4.959851e-01,	6.709082e-05	
121	1.621810e+03	4.959852e-01,	6.421315e-05	
122	1.659587e+03	4.959852e-01,	6.136929e-05	
123	1.698244e+03	4.959853e-01,	5.855774e-05	
124	1.737801e+03	4.959854e-01,	5.577702e-05	
125	1.778279e+03	4.959855e-01,	5.302568e-05	
126	1.819701e+03	4.959855e-01,	5.030227e-05	
127	1.862087e+03	4.959856e-01,	4.760536e-05	
128	1.905461e+03	4.959857e-01,	4.493353e-05	
129	1.949845e+03	4.959857e-01,	4.228537e-05	
130	1.995262e+03	4.959858e-01,	3.965949e-05	
131	2.041738e+03	4.959858e-01,	3.705450e-05	
132	2.089296e+03	4.959859e-01,	3.446905e-05	
133	2.137962e+03	4.959859e-01,	3.190175e-05	
134	2.187762e+03	4.959860e-01,	2.935126e-05	
135	2.238721e+03	4.959860e-01,	2.681624e-05	
136	2.290868e+03	4.959861e-01,	2.429534e-05	
137	2.344229e+03	4.959861e-01,	2.178723e-05	
138	2.398833e+03	4.959862e-01,	1.929060e-05	
139	2.454709e+03	4.959862e-01,	1.680412e-05	
140	2.511886e+03	4.959862e-01,	1.432647e-05	
141	2.570396e+03	4.959863e-01,	1.185636e-05	
142	2.630268e+03	4.959863e-01,	9.392476e-06	
143	2.691535e+03	4.959863e-01,	6.933512e-06	
144	2.754229e+03	4.959864e-01,	4.478170e-06	
145	2.818383e+03	4.959864e-01,	2.025154e-06	
146	2.884032e+03	4.959864e-01,	-4.26836e-07	
147	2.951209e+03	4.959865e-01,	-2.87909e-06	
148	3.019952e+03	4.959865e-01,	-5.33292e-06	
149	3.090295e+03	4.959865e-01,	-7.78961e-06	
150	3.162278e+03	4.959865e-01,	-1.02505e-05	
151	3.235937e+03	4.959865e-01,	-1.27168e-05	
152	3.311311e+03	4.959866e-01,	-1.51899e-05	
153	3.388442e+03	4.959866e-01,	-1.76711e-05	
154	3.467369e+03	4.959866e-01,	-2.01617e-05	
155	3.548134e+03	4.959866e-01,	-2.26629e-05	
156	3.630781e+03	4.959866e-01,	-2.51763e-05	
157	3.715352e+03	4.959867e-01,	-2.77030e-05	
158	3.801894e+03	4.959867e-01,	-3.02444e-05	
159	3.890451e+03	4.959867e-01,	-3.28019e-05	
160	3.981072e+03	4.959867e-01,	-3.53767e-05	
161	4.073803e+03	4.959867e-01,	-3.79704e-05	
162	4.168694e+03	4.959867e-01,	-4.05842e-05	
163	4.265795e+03	4.959867e-01,	-4.32195e-05	
164	4.365158e+03	4.959868e-01,	-4.58778e-05	
165	4.466836e+03	4.959868e-01,	-4.85604e-05	
166	4.570882e+03	4.959868e-01,	-5.12687e-05	
167	4.677351e+03	4.959868e-01,	-5.40043e-05	
168	4.786301e+03	4.959868e-01,	-5.67685e-05	
169	4.897788e+03	4.959868e-01,	-5.95628e-05	
170	5.011872e+03	4.959868e-01,	-6.23887e-05	

Index   frequency       net-_c1-pad2_                   
--------------------------------------------------------------------------------
171	5.128614e+03	4.959868e-01,	-6.52476e-05	
172	5.248075e+03	4.959868e-01,	-6.81412e-05	
173	5.370318e+03	4.959868e-01,	-7.10709e-05	
174	5.495409e+03	4.959868e-01,	-7.40384e-05	
175	5.623413e+03	4.959868e-01,	-7.70450e-05	
176	5.754399e+03	4.959868e-01,	-8.00925e-05	
177	5.888437e+03	4.959869e-01,	-8.31825e-05	
178	6.025596e+03	4.959869e-01,	-8.63167e-05	
179	6.165950e+03	4.959869e-01,	-8.94965e-05	
180	6.309573e+03	4.959869e-01,	-9.27239e-05	
181	6.456542e+03	4.959869e-01,	-9.60004e-05	
182	6.606934e+03	4.959869e-01,	-9.93278e-05	
183	6.760830e+03	4.959869e-01,	-1.02708e-04	
184	6.918310e+03	4.959869e-01,	-1.06142e-04	
185	7.079458e+03	4.959869e-01,	-1.09633e-04	
186	7.244360e+03	4.959869e-01,	-1.13182e-04	
187	7.413102e+03	4.959869e-01,	-1.16791e-04	
188	7.585776e+03	4.959869e-01,	-1.20462e-04	
189	7.762471e+03	4.959869e-01,	-1.24197e-04	
190	7.943282e+03	4.959869e-01,	-1.27997e-04	
191	8.128305e+03	4.959869e-01,	-1.31866e-04	
192	8.317638e+03	4.959869e-01,	-1.35804e-04	
193	8.511380e+03	4.959869e-01,	-1.39815e-04	
194	8.709636e+03	4.959869e-01,	-1.43899e-04	
195	8.912509e+03	4.959869e-01,	-1.48060e-04	
196	9.120108e+03	4.959869e-01,	-1.52299e-04	
197	9.332543e+03	4.959869e-01,	-1.56620e-04	
198	9.549926e+03	4.959869e-01,	-1.61023e-04	
199	9.772372e+03	4.959869e-01,	-1.65511e-04	
200	1.000000e+04	4.959869e-01,	-1.70087e-04	

 * /home/fossee/downloads/esim-master/examples/bjt_amplifier/bjt_amplifier.cir
 AC Analysis  Wed Aug 19 15:39:21  2015
--------------------------------------------------------------------------------
Index   frequency       net-_c2-pad2_                   
--------------------------------------------------------------------------------
0	1.000000e+02	9.665868e-02,	-1.93017e-01	
1	1.023293e+02	9.314515e-02,	-1.90338e-01	
2	1.047129e+02	8.972977e-02,	-1.87635e-01	
3	1.071519e+02	8.641194e-02,	-1.84910e-01	
4	1.096478e+02	8.319092e-02,	-1.82168e-01	
5	1.122018e+02	8.006580e-02,	-1.79412e-01	
6	1.148154e+02	7.703553e-02,	-1.76646e-01	
7	1.174898e+02	7.409891e-02,	-1.73874e-01	
8	1.202264e+02	7.125465e-02,	-1.71097e-01	
9	1.230269e+02	6.850132e-02,	-1.68320e-01	
10	1.258925e+02	6.583742e-02,	-1.65546e-01	
11	1.288250e+02	6.326135e-02,	-1.62776e-01	
12	1.318257e+02	6.077144e-02,	-1.60014e-01	
13	1.348963e+02	5.836594e-02,	-1.57262e-01	
14	1.380384e+02	5.604304e-02,	-1.54523e-01	
15	1.412538e+02	5.380092e-02,	-1.51798e-01	
16	1.445440e+02	5.163768e-02,	-1.49090e-01	
17	1.479108e+02	4.955140e-02,	-1.46401e-01	
18	1.513561e+02	4.754015e-02,	-1.43732e-01	
19	1.548817e+02	4.560197e-02,	-1.41085e-01	
20	1.584893e+02	4.373489e-02,	-1.38462e-01	
21	1.621810e+02	4.193694e-02,	-1.35864e-01	
22	1.659587e+02	4.020616e-02,	-1.33292e-01	
23	1.698244e+02	3.854059e-02,	-1.30748e-01	
24	1.737801e+02	3.693827e-02,	-1.28232e-01	
25	1.778279e+02	3.539727e-02,	-1.25746e-01	
26	1.819701e+02	3.391569e-02,	-1.23290e-01	
27	1.862087e+02	3.249162e-02,	-1.20866e-01	
28	1.905461e+02	3.112322e-02,	-1.18473e-01	
29	1.949845e+02	2.980865e-02,	-1.16113e-01	
30	1.995262e+02	2.854610e-02,	-1.13786e-01	
31	2.041738e+02	2.733380e-02,	-1.11493e-01	
32	2.089296e+02	2.617003e-02,	-1.09233e-01	
33	2.137962e+02	2.505310e-02,	-1.07007e-01	
34	2.187762e+02	2.398133e-02,	-1.04816e-01	
35	2.238721e+02	2.295312e-02,	-1.02660e-01	
36	2.290868e+02	2.196689e-02,	-1.00538e-01	
37	2.344229e+02	2.102111e-02,	-9.84508e-02	
38	2.398833e+02	2.011427e-02,	-9.63986e-02	
39	2.454709e+02	1.924492e-02,	-9.43812e-02	
40	2.511886e+02	1.841166e-02,	-9.23985e-02	
41	2.570396e+02	1.761310e-02,	-9.04504e-02	
42	2.630268e+02	1.684793e-02,	-8.85368e-02	
43	2.691535e+02	1.611485e-02,	-8.66574e-02	
44	2.754229e+02	1.541261e-02,	-8.48122e-02	
45	2.818383e+02	1.474001e-02,	-8.30008e-02	
46	2.884032e+02	1.409588e-02,	-8.12230e-02	
47	2.951209e+02	1.347908e-02,	-7.94785e-02	
48	3.019952e+02	1.288854e-02,	-7.77671e-02	
49	3.090295e+02	1.232319e-02,	-7.60882e-02	
50	3.162278e+02	1.178201e-02,	-7.44417e-02	
51	3.235937e+02	1.126403e-02,	-7.28272e-02	
52	3.311311e+02	1.076830e-02,	-7.12442e-02	
53	3.388442e+02	1.029392e-02,	-6.96924e-02	
54	3.467369e+02	9.839994e-03,	-6.81714e-02	

Index   frequency       net-_c2-pad2_                   
--------------------------------------------------------------------------------
55	3.548134e+02	9.405688e-03,	-6.66807e-02	
56	3.630781e+02	8.990186e-03,	-6.52200e-02	
57	3.715352e+02	8.592705e-03,	-6.37889e-02	
58	3.801894e+02	8.212492e-03,	-6.23868e-02	
59	3.890451e+02	7.848824e-03,	-6.10134e-02	
60	3.981072e+02	7.501004e-03,	-5.96682e-02	
61	4.073803e+02	7.168364e-03,	-5.83508e-02	
62	4.168694e+02	6.850262e-03,	-5.70606e-02	
63	4.265795e+02	6.546081e-03,	-5.57974e-02	
64	4.365158e+02	6.255228e-03,	-5.45606e-02	
65	4.466836e+02	5.977135e-03,	-5.33497e-02	
66	4.570882e+02	5.711255e-03,	-5.21644e-02	
67	4.677351e+02	5.457067e-03,	-5.10041e-02	
68	4.786301e+02	5.214066e-03,	-4.98685e-02	
69	4.897788e+02	4.981772e-03,	-4.87570e-02	
70	5.011872e+02	4.759722e-03,	-4.76693e-02	
71	5.128614e+02	4.547474e-03,	-4.66049e-02	
72	5.248075e+02	4.344603e-03,	-4.55633e-02	
73	5.370318e+02	4.150703e-03,	-4.45442e-02	
74	5.495409e+02	3.965383e-03,	-4.35471e-02	
75	5.623413e+02	3.788270e-03,	-4.25716e-02	
76	5.754399e+02	3.619007e-03,	-4.16172e-02	
77	5.888437e+02	3.457251e-03,	-4.06836e-02	
78	6.025596e+02	3.302673e-03,	-3.97703e-02	
79	6.165950e+02	3.154959e-03,	-3.88770e-02	
80	6.309573e+02	3.013809e-03,	-3.80032e-02	
81	6.456542e+02	2.878934e-03,	-3.71486e-02	
82	6.606934e+02	2.750060e-03,	-3.63128e-02	
83	6.760830e+02	2.626921e-03,	-3.54953e-02	
84	6.918310e+02	2.509265e-03,	-3.46958e-02	
85	7.079458e+02	2.396851e-03,	-3.39140e-02	
86	7.244360e+02	2.289448e-03,	-3.31494e-02	
87	7.413102e+02	2.186833e-03,	-3.24017e-02	
88	7.585776e+02	2.088797e-03,	-3.16706e-02	
89	7.762471e+02	1.995135e-03,	-3.09557e-02	
90	7.943282e+02	1.905655e-03,	-3.02567e-02	
91	8.128305e+02	1.820171e-03,	-2.95732e-02	
92	8.317638e+02	1.738507e-03,	-2.89050e-02	
93	8.511380e+02	1.660492e-03,	-2.82516e-02	
94	8.709636e+02	1.585965e-03,	-2.76128e-02	
95	8.912509e+02	1.514770e-03,	-2.69882e-02	
96	9.120108e+02	1.446760e-03,	-2.63776e-02	
97	9.332543e+02	1.381794e-03,	-2.57807e-02	
98	9.549926e+02	1.319735e-03,	-2.51971e-02	
99	9.772372e+02	1.260454e-03,	-2.46266e-02	
100	1.000000e+03	1.203827e-03,	-2.40688e-02	
101	1.023293e+03	1.149737e-03,	-2.35236e-02	
102	1.047129e+03	1.098070e-03,	-2.29906e-02	
103	1.071519e+03	1.048718e-03,	-2.24696e-02	
104	1.096478e+03	1.001578e-03,	-2.19602e-02	
105	1.122018e+03	9.565510e-04,	-2.14624e-02	
106	1.148154e+03	9.135427e-04,	-2.09757e-02	
107	1.174898e+03	8.724629e-04,	-2.05000e-02	
108	1.202264e+03	8.332254e-04,	-2.00350e-02	
109	1.230269e+03	7.957480e-04,	-1.95804e-02	
110	1.258925e+03	7.599520e-04,	-1.91362e-02	
111	1.288250e+03	7.257620e-04,	-1.87019e-02	
112	1.318257e+03	6.931064e-04,	-1.82774e-02	

Index   frequency       net-_c2-pad2_                   
--------------------------------------------------------------------------------
113	1.348963e+03	6.619164e-04,	-1.78625e-02	
114	1.380384e+03	6.321264e-04,	-1.74570e-02	
115	1.412538e+03	6.036738e-04,	-1.70606e-02	
116	1.445440e+03	5.764986e-04,	-1.66732e-02	
117	1.479108e+03	5.505436e-04,	-1.62946e-02	
118	1.513561e+03	5.257542e-04,	-1.59245e-02	
119	1.548817e+03	5.020782e-04,	-1.55628e-02	
120	1.584893e+03	4.794655e-04,	-1.52092e-02	
121	1.621810e+03	4.578687e-04,	-1.48637e-02	
122	1.659587e+03	4.372420e-04,	-1.45260e-02	
123	1.698244e+03	4.175421e-04,	-1.41959e-02	
124	1.737801e+03	3.987273e-04,	-1.38733e-02	
125	1.778279e+03	3.807580e-04,	-1.35580e-02	
126	1.819701e+03	3.635961e-04,	-1.32499e-02	
127	1.862087e+03	3.472056e-04,	-1.29487e-02	
128	1.905461e+03	3.315517e-04,	-1.26544e-02	
129	1.949845e+03	3.166014e-04,	-1.23667e-02	
130	1.995262e+03	3.023231e-04,	-1.20855e-02	
131	2.041738e+03	2.886866e-04,	-1.18108e-02	
132	2.089296e+03	2.756632e-04,	-1.15422e-02	
133	2.137962e+03	2.632252e-04,	-1.12798e-02	
134	2.187762e+03	2.513465e-04,	-1.10233e-02	
135	2.238721e+03	2.400019e-04,	-1.07726e-02	
136	2.290868e+03	2.291673e-04,	-1.05277e-02	
137	2.344229e+03	2.188199e-04,	-1.02882e-02	
138	2.398833e+03	2.089379e-04,	-1.00543e-02	
139	2.454709e+03	1.995002e-04,	-9.82560e-03	
140	2.511886e+03	1.904869e-04,	-9.60212e-03	
141	2.570396e+03	1.818790e-04,	-9.38371e-03	
142	2.630268e+03	1.736582e-04,	-9.17027e-03	
143	2.691535e+03	1.658072e-04,	-8.96167e-03	
144	2.754229e+03	1.583093e-04,	-8.75782e-03	
145	2.818383e+03	1.511486e-04,	-8.55859e-03	
146	2.884032e+03	1.443100e-04,	-8.36389e-03	
147	2.951209e+03	1.377790e-04,	-8.17362e-03	
148	3.019952e+03	1.315418e-04,	-7.98767e-03	
149	3.090295e+03	1.255852e-04,	-7.80594e-03	
150	3.162278e+03	1.198965e-04,	-7.62835e-03	
151	3.235937e+03	1.144637e-04,	-7.45479e-03	
152	3.311311e+03	1.092754e-04,	-7.28518e-03	
153	3.388442e+03	1.043204e-04,	-7.11942e-03	
154	3.467369e+03	9.958836e-05,	-6.95743e-03	
155	3.548134e+03	9.506921e-05,	-6.79912e-03	
156	3.630781e+03	9.075337e-05,	-6.64441e-03	
157	3.715352e+03	8.663171e-05,	-6.49322e-03	
158	3.801894e+03	8.269548e-05,	-6.34547e-03	
159	3.890451e+03	7.893636e-05,	-6.20108e-03	
160	3.981072e+03	7.534637e-05,	-6.05997e-03	
161	4.073803e+03	7.191790e-05,	-5.92207e-03	
162	4.168694e+03	6.864370e-05,	-5.78731e-03	
163	4.265795e+03	6.551682e-05,	-5.65561e-03	
164	4.365158e+03	6.253063e-05,	-5.52691e-03	
165	4.466836e+03	5.967881e-05,	-5.40113e-03	
166	4.570882e+03	5.695531e-05,	-5.27821e-03	
167	4.677351e+03	5.435436e-05,	-5.15810e-03	
168	4.786301e+03	5.187045e-05,	-5.04071e-03	
169	4.897788e+03	4.949831e-05,	-4.92599e-03	
170	5.011872e+03	4.723291e-05,	-4.81389e-03	

Index   frequency       net-_c2-pad2_                   
--------------------------------------------------------------------------------
171	5.128614e+03	4.506945e-05,	-4.70433e-03	
172	5.248075e+03	4.300334e-05,	-4.59727e-03	
173	5.370318e+03	4.103021e-05,	-4.49264e-03	
174	5.495409e+03	3.914587e-05,	-4.39039e-03	
175	5.623413e+03	3.734632e-05,	-4.29047e-03	
176	5.754399e+03	3.562775e-05,	-4.19282e-03	
177	5.888437e+03	3.398652e-05,	-4.09739e-03	
178	6.025596e+03	3.241915e-05,	-4.00414e-03	
179	6.165950e+03	3.092231e-05,	-3.91301e-03	
180	6.309573e+03	2.949284e-05,	-3.82395e-03	
181	6.456542e+03	2.812769e-05,	-3.73691e-03	
182	6.606934e+03	2.682397e-05,	-3.65186e-03	
183	6.760830e+03	2.557893e-05,	-3.56874e-03	
184	6.918310e+03	2.438991e-05,	-3.48752e-03	
185	7.079458e+03	2.325441e-05,	-3.40814e-03	
186	7.244360e+03	2.217001e-05,	-3.33057e-03	
187	7.413102e+03	2.113440e-05,	-3.25476e-03	
188	7.585776e+03	2.014541e-05,	-3.18068e-03	
189	7.762471e+03	1.920092e-05,	-3.10829e-03	
190	7.943282e+03	1.829894e-05,	-3.03754e-03	
191	8.128305e+03	1.743755e-05,	-2.96840e-03	
192	8.317638e+03	1.661492e-05,	-2.90084e-03	
193	8.511380e+03	1.582932e-05,	-2.83481e-03	
194	8.709636e+03	1.507907e-05,	-2.77029e-03	
195	8.912509e+03	1.436259e-05,	-2.70723e-03	
196	9.120108e+03	1.367836e-05,	-2.64561e-03	
197	9.332543e+03	1.302491e-05,	-2.58539e-03	
198	9.549926e+03	1.240088e-05,	-2.52654e-03	
199	9.772372e+03	1.180493e-05,	-2.46904e-03	
200	1.000000e+04	1.123580e-05,	-2.41284e-03	

 * /home/fossee/downloads/esim-master/examples/bjt_amplifier/bjt_amplifier.cir
 AC Analysis  Wed Aug 19 15:39:21  2015
--------------------------------------------------------------------------------
Index   frequency       net-_c3-pad2_                   
--------------------------------------------------------------------------------
0	1.000000e+02	-8.19915e+00,	-3.73209e+00	
1	1.023293e+02	-8.26686e+00,	-3.68018e+00	
2	1.047129e+02	-8.33268e+00,	-3.62779e+00	
3	1.071519e+02	-8.39662e+00,	-3.57501e+00	
4	1.096478e+02	-8.45869e+00,	-3.52190e+00	
5	1.122018e+02	-8.51892e+00,	-3.46854e+00	
6	1.148154e+02	-8.57731e+00,	-3.41498e+00	
7	1.174898e+02	-8.63391e+00,	-3.36130e+00	
8	1.202264e+02	-8.68872e+00,	-3.30755e+00	
9	1.230269e+02	-8.74178e+00,	-3.25380e+00	
10	1.258925e+02	-8.79312e+00,	-3.20009e+00	
11	1.288250e+02	-8.84276e+00,	-3.14649e+00	
12	1.318257e+02	-8.89074e+00,	-3.09304e+00	
13	1.348963e+02	-8.93710e+00,	-3.03980e+00	
14	1.380384e+02	-8.98187e+00,	-2.98679e+00	
15	1.412538e+02	-9.02508e+00,	-2.93408e+00	
16	1.445440e+02	-9.06676e+00,	-2.88169e+00	
17	1.479108e+02	-9.10697e+00,	-2.82967e+00	
18	1.513561e+02	-9.14573e+00,	-2.77804e+00	
19	1.548817e+02	-9.18308e+00,	-2.72684e+00	
20	1.584893e+02	-9.21906e+00,	-2.67611e+00	
21	1.621810e+02	-9.25371e+00,	-2.62585e+00	
22	1.659587e+02	-9.28706e+00,	-2.57612e+00	
23	1.698244e+02	-9.31916e+00,	-2.52691e+00	
24	1.737801e+02	-9.35004e+00,	-2.47826e+00	
25	1.778279e+02	-9.37974e+00,	-2.43018e+00	
26	1.819701e+02	-9.40829e+00,	-2.38270e+00	
27	1.862087e+02	-9.43573e+00,	-2.33581e+00	
28	1.905461e+02	-9.46210e+00,	-2.28955e+00	
29	1.949845e+02	-9.48744e+00,	-2.24392e+00	
30	1.995262e+02	-9.51177e+00,	-2.19892e+00	
31	2.041738e+02	-9.53513e+00,	-2.15458e+00	
32	2.089296e+02	-9.55756e+00,	-2.11089e+00	
33	2.137962e+02	-9.57908e+00,	-2.06786e+00	
34	2.187762e+02	-9.59974e+00,	-2.02550e+00	
35	2.238721e+02	-9.61955e+00,	-1.98381e+00	
36	2.290868e+02	-9.63856e+00,	-1.94279e+00	
37	2.344229e+02	-9.65678e+00,	-1.90244e+00	
38	2.398833e+02	-9.67426e+00,	-1.86277e+00	
39	2.454709e+02	-9.69101e+00,	-1.82377e+00	
40	2.511886e+02	-9.70707e+00,	-1.78544e+00	
41	2.570396e+02	-9.72246e+00,	-1.74778e+00	
42	2.630268e+02	-9.73721e+00,	-1.71079e+00	
43	2.691535e+02	-9.75133e+00,	-1.67446e+00	
44	2.754229e+02	-9.76487e+00,	-1.63879e+00	
45	2.818383e+02	-9.77783e+00,	-1.60378e+00	
46	2.884032e+02	-9.79024e+00,	-1.56941e+00	
47	2.951209e+02	-9.80213e+00,	-1.53569e+00	
48	3.019952e+02	-9.81351e+00,	-1.50261e+00	
49	3.090295e+02	-9.82440e+00,	-1.47016e+00	
50	3.162278e+02	-9.83483e+00,	-1.43833e+00	
51	3.235937e+02	-9.84481e+00,	-1.40712e+00	
52	3.311311e+02	-9.85437e+00,	-1.37653e+00	
53	3.388442e+02	-9.86351e+00,	-1.34653e+00	
54	3.467369e+02	-9.87226e+00,	-1.31713e+00	

Index   frequency       net-_c3-pad2_                   
--------------------------------------------------------------------------------
55	3.548134e+02	-9.88063e+00,	-1.28832e+00	
56	3.630781e+02	-9.88863e+00,	-1.26008e+00	
57	3.715352e+02	-9.89629e+00,	-1.23242e+00	
58	3.801894e+02	-9.90362e+00,	-1.20532e+00	
59	3.890451e+02	-9.91063e+00,	-1.17877e+00	
60	3.981072e+02	-9.91733e+00,	-1.15277e+00	
61	4.073803e+02	-9.92374e+00,	-1.12730e+00	
62	4.168694e+02	-9.92987e+00,	-1.10237e+00	
63	4.265795e+02	-9.93574e+00,	-1.07795e+00	
64	4.365158e+02	-9.94134e+00,	-1.05404e+00	
65	4.466836e+02	-9.94670e+00,	-1.03064e+00	
66	4.570882e+02	-9.95182e+00,	-1.00772e+00	
67	4.677351e+02	-9.95672e+00,	-9.85295e-01	
68	4.786301e+02	-9.96140e+00,	-9.63342e-01	
69	4.897788e+02	-9.96588e+00,	-9.41857e-01	
70	5.011872e+02	-9.97016e+00,	-9.20831e-01	
71	5.128614e+02	-9.97425e+00,	-9.00254e-01	
72	5.248075e+02	-9.97816e+00,	-8.80120e-01	
73	5.370318e+02	-9.98190e+00,	-8.60419e-01	
74	5.495409e+02	-9.98547e+00,	-8.41143e-01	
75	5.623413e+02	-9.98888e+00,	-8.22284e-01	
76	5.754399e+02	-9.99214e+00,	-8.03835e-01	
77	5.888437e+02	-9.99526e+00,	-7.85786e-01	
78	6.025596e+02	-9.99824e+00,	-7.68129e-01	
79	6.165950e+02	-1.00011e+01,	-7.50859e-01	
80	6.309573e+02	-1.00038e+01,	-7.33965e-01	
81	6.456542e+02	-1.00064e+01,	-7.17442e-01	
82	6.606934e+02	-1.00089e+01,	-7.01281e-01	
83	6.760830e+02	-1.00113e+01,	-6.85475e-01	
84	6.918310e+02	-1.00135e+01,	-6.70016e-01	
85	7.079458e+02	-1.00157e+01,	-6.54899e-01	
86	7.244360e+02	-1.00178e+01,	-6.40114e-01	
87	7.413102e+02	-1.00197e+01,	-6.25657e-01	
88	7.585776e+02	-1.00216e+01,	-6.11519e-01	
89	7.762471e+02	-1.00234e+01,	-5.97694e-01	
90	7.943282e+02	-1.00252e+01,	-5.84176e-01	
91	8.128305e+02	-1.00268e+01,	-5.70958e-01	
92	8.317638e+02	-1.00284e+01,	-5.58033e-01	
93	8.511380e+02	-1.00299e+01,	-5.45396e-01	
94	8.709636e+02	-1.00313e+01,	-5.33040e-01	
95	8.912509e+02	-1.00327e+01,	-5.20960e-01	
96	9.120108e+02	-1.00340e+01,	-5.09148e-01	
97	9.332543e+02	-1.00353e+01,	-4.97601e-01	
98	9.549926e+02	-1.00365e+01,	-4.86311e-01	
99	9.772372e+02	-1.00376e+01,	-4.75273e-01	
100	1.000000e+03	-1.00387e+01,	-4.64482e-01	
101	1.023293e+03	-1.00397e+01,	-4.53932e-01	
102	1.047129e+03	-1.00407e+01,	-4.43619e-01	
103	1.071519e+03	-1.00417e+01,	-4.33536e-01	
104	1.096478e+03	-1.00426e+01,	-4.23679e-01	
105	1.122018e+03	-1.00435e+01,	-4.14044e-01	
106	1.148154e+03	-1.00443e+01,	-4.04624e-01	
107	1.174898e+03	-1.00451e+01,	-3.95415e-01	
108	1.202264e+03	-1.00458e+01,	-3.86414e-01	
109	1.230269e+03	-1.00466e+01,	-3.77614e-01	
110	1.258925e+03	-1.00472e+01,	-3.69012e-01	
111	1.288250e+03	-1.00479e+01,	-3.60603e-01	
112	1.318257e+03	-1.00485e+01,	-3.52383e-01	

Index   frequency       net-_c3-pad2_                   
--------------------------------------------------------------------------------
113	1.348963e+03	-1.00491e+01,	-3.44347e-01	
114	1.380384e+03	-1.00497e+01,	-3.36493e-01	
115	1.412538e+03	-1.00503e+01,	-3.28814e-01	
116	1.445440e+03	-1.00508e+01,	-3.21309e-01	
117	1.479108e+03	-1.00513e+01,	-3.13972e-01	
118	1.513561e+03	-1.00518e+01,	-3.06800e-01	
119	1.548817e+03	-1.00522e+01,	-2.99789e-01	
120	1.584893e+03	-1.00526e+01,	-2.92936e-01	
121	1.621810e+03	-1.00531e+01,	-2.86237e-01	
122	1.659587e+03	-1.00535e+01,	-2.79689e-01	
123	1.698244e+03	-1.00538e+01,	-2.73288e-01	
124	1.737801e+03	-1.00542e+01,	-2.67030e-01	
125	1.778279e+03	-1.00545e+01,	-2.60914e-01	
126	1.819701e+03	-1.00549e+01,	-2.54935e-01	
127	1.862087e+03	-1.00552e+01,	-2.49090e-01	
128	1.905461e+03	-1.00555e+01,	-2.43376e-01	
129	1.949845e+03	-1.00558e+01,	-2.37791e-01	
130	1.995262e+03	-1.00561e+01,	-2.32331e-01	
131	2.041738e+03	-1.00563e+01,	-2.26994e-01	
132	2.089296e+03	-1.00566e+01,	-2.21777e-01	
133	2.137962e+03	-1.00568e+01,	-2.16676e-01	
134	2.187762e+03	-1.00570e+01,	-2.11690e-01	
135	2.238721e+03	-1.00573e+01,	-2.06816e-01	
136	2.290868e+03	-1.00575e+01,	-2.02051e-01	
137	2.344229e+03	-1.00577e+01,	-1.97393e-01	
138	2.398833e+03	-1.00579e+01,	-1.92839e-01	
139	2.454709e+03	-1.00580e+01,	-1.88387e-01	
140	2.511886e+03	-1.00582e+01,	-1.84034e-01	
141	2.570396e+03	-1.00584e+01,	-1.79779e-01	
142	2.630268e+03	-1.00585e+01,	-1.75619e-01	
143	2.691535e+03	-1.00587e+01,	-1.71551e-01	
144	2.754229e+03	-1.00588e+01,	-1.67575e-01	
145	2.818383e+03	-1.00590e+01,	-1.63687e-01	
146	2.884032e+03	-1.00591e+01,	-1.59885e-01	
147	2.951209e+03	-1.00592e+01,	-1.56168e-01	
148	3.019952e+03	-1.00594e+01,	-1.52534e-01	
149	3.090295e+03	-1.00595e+01,	-1.48980e-01	
150	3.162278e+03	-1.00596e+01,	-1.45505e-01	
151	3.235937e+03	-1.00597e+01,	-1.42108e-01	
152	3.311311e+03	-1.00598e+01,	-1.38785e-01	
153	3.388442e+03	-1.00599e+01,	-1.35536e-01	
154	3.467369e+03	-1.00600e+01,	-1.32358e-01	
155	3.548134e+03	-1.00601e+01,	-1.29251e-01	
156	3.630781e+03	-1.00601e+01,	-1.26212e-01	
157	3.715352e+03	-1.00602e+01,	-1.23240e-01	
158	3.801894e+03	-1.00603e+01,	-1.20333e-01	
159	3.890451e+03	-1.00604e+01,	-1.17490e-01	
160	3.981072e+03	-1.00604e+01,	-1.14709e-01	
161	4.073803e+03	-1.00605e+01,	-1.11989e-01	
162	4.168694e+03	-1.00606e+01,	-1.09328e-01	
163	4.265795e+03	-1.00606e+01,	-1.06725e-01	
164	4.365158e+03	-1.00607e+01,	-1.04178e-01	
165	4.466836e+03	-1.00607e+01,	-1.01687e-01	
166	4.570882e+03	-1.00608e+01,	-9.92494e-02	
167	4.677351e+03	-1.00608e+01,	-9.68646e-02	
168	4.786301e+03	-1.00609e+01,	-9.45310e-02	
169	4.897788e+03	-1.00609e+01,	-9.22475e-02	
170	5.011872e+03	-1.00610e+01,	-9.00129e-02	

Index   frequency       net-_c3-pad2_                   
--------------------------------------------------------------------------------
171	5.128614e+03	-1.00610e+01,	-8.78259e-02	
172	5.248075e+03	-1.00611e+01,	-8.56855e-02	
173	5.370318e+03	-1.00611e+01,	-8.35905e-02	
174	5.495409e+03	-1.00611e+01,	-8.15398e-02	
175	5.623413e+03	-1.00612e+01,	-7.95322e-02	
176	5.754399e+03	-1.00612e+01,	-7.75669e-02	
177	5.888437e+03	-1.00612e+01,	-7.56426e-02	
178	6.025596e+03	-1.00613e+01,	-7.37584e-02	
179	6.165950e+03	-1.00613e+01,	-7.19133e-02	
180	6.309573e+03	-1.00613e+01,	-7.01063e-02	
181	6.456542e+03	-1.00613e+01,	-6.83364e-02	
182	6.606934e+03	-1.00614e+01,	-6.66028e-02	
183	6.760830e+03	-1.00614e+01,	-6.49044e-02	
184	6.918310e+03	-1.00614e+01,	-6.32405e-02	
185	7.079458e+03	-1.00614e+01,	-6.16101e-02	
186	7.244360e+03	-1.00615e+01,	-6.00123e-02	
187	7.413102e+03	-1.00615e+01,	-5.84463e-02	
188	7.585776e+03	-1.00615e+01,	-5.69113e-02	
189	7.762471e+03	-1.00615e+01,	-5.54065e-02	
190	7.943282e+03	-1.00615e+01,	-5.39310e-02	
191	8.128305e+03	-1.00615e+01,	-5.24842e-02	
192	8.317638e+03	-1.00616e+01,	-5.10651e-02	
193	8.511380e+03	-1.00616e+01,	-4.96731e-02	
194	8.709636e+03	-1.00616e+01,	-4.83074e-02	
195	8.912509e+03	-1.00616e+01,	-4.69674e-02	
196	9.120108e+03	-1.00616e+01,	-4.56522e-02	
197	9.332543e+03	-1.00616e+01,	-4.43613e-02	
198	9.549926e+03	-1.00616e+01,	-4.30938e-02	
199	9.772372e+03	-1.00617e+01,	-4.18492e-02	
200	1.000000e+04	-1.00617e+01,	-4.06268e-02	

 * /home/fossee/downloads/esim-master/examples/bjt_amplifier/bjt_amplifier.cir
 AC Analysis  Wed Aug 19 15:39:21  2015
--------------------------------------------------------------------------------
Index   frequency       net-_r1-pad2_                   
--------------------------------------------------------------------------------
0	1.000000e+02	5.000000e-01,	0.000000e+00	
1	1.023293e+02	5.000000e-01,	0.000000e+00	
2	1.047129e+02	5.000000e-01,	0.000000e+00	
3	1.071519e+02	5.000000e-01,	0.000000e+00	
4	1.096478e+02	5.000000e-01,	0.000000e+00	
5	1.122018e+02	5.000000e-01,	0.000000e+00	
6	1.148154e+02	5.000000e-01,	0.000000e+00	
7	1.174898e+02	5.000000e-01,	0.000000e+00	
8	1.202264e+02	5.000000e-01,	0.000000e+00	
9	1.230269e+02	5.000000e-01,	0.000000e+00	
10	1.258925e+02	5.000000e-01,	0.000000e+00	
11	1.288250e+02	5.000000e-01,	0.000000e+00	
12	1.318257e+02	5.000000e-01,	0.000000e+00	
13	1.348963e+02	5.000000e-01,	0.000000e+00	
14	1.380384e+02	5.000000e-01,	0.000000e+00	
15	1.412538e+02	5.000000e-01,	0.000000e+00	
16	1.445440e+02	5.000000e-01,	0.000000e+00	
17	1.479108e+02	5.000000e-01,	0.000000e+00	
18	1.513561e+02	5.000000e-01,	0.000000e+00	
19	1.548817e+02	5.000000e-01,	0.000000e+00	
20	1.584893e+02	5.000000e-01,	0.000000e+00	
21	1.621810e+02	5.000000e-01,	0.000000e+00	
22	1.659587e+02	5.000000e-01,	0.000000e+00	
23	1.698244e+02	5.000000e-01,	0.000000e+00	
24	1.737801e+02	5.000000e-01,	0.000000e+00	
25	1.778279e+02	5.000000e-01,	0.000000e+00	
26	1.819701e+02	5.000000e-01,	0.000000e+00	
27	1.862087e+02	5.000000e-01,	0.000000e+00	
28	1.905461e+02	5.000000e-01,	0.000000e+00	
29	1.949845e+02	5.000000e-01,	0.000000e+00	
30	1.995262e+02	5.000000e-01,	0.000000e+00	
31	2.041738e+02	5.000000e-01,	0.000000e+00	
32	2.089296e+02	5.000000e-01,	0.000000e+00	
33	2.137962e+02	5.000000e-01,	0.000000e+00	
34	2.187762e+02	5.000000e-01,	0.000000e+00	
35	2.238721e+02	5.000000e-01,	0.000000e+00	
36	2.290868e+02	5.000000e-01,	0.000000e+00	
37	2.344229e+02	5.000000e-01,	0.000000e+00	
38	2.398833e+02	5.000000e-01,	0.000000e+00	
39	2.454709e+02	5.000000e-01,	0.000000e+00	
40	2.511886e+02	5.000000e-01,	0.000000e+00	
41	2.570396e+02	5.000000e-01,	0.000000e+00	
42	2.630268e+02	5.000000e-01,	0.000000e+00	
43	2.691535e+02	5.000000e-01,	0.000000e+00	
44	2.754229e+02	5.000000e-01,	0.000000e+00	
45	2.818383e+02	5.000000e-01,	0.000000e+00	
46	2.884032e+02	5.000000e-01,	0.000000e+00	
47	2.951209e+02	5.000000e-01,	0.000000e+00	
48	3.019952e+02	5.000000e-01,	0.000000e+00	
49	3.090295e+02	5.000000e-01,	0.000000e+00	
50	3.162278e+02	5.000000e-01,	0.000000e+00	
51	3.235937e+02	5.000000e-01,	0.000000e+00	
52	3.311311e+02	5.000000e-01,	0.000000e+00	
53	3.388442e+02	5.000000e-01,	0.000000e+00	
54	3.467369e+02	5.000000e-01,	0.000000e+00	

Index   frequency       net-_r1-pad2_                   
--------------------------------------------------------------------------------
55	3.548134e+02	5.000000e-01,	0.000000e+00	
56	3.630781e+02	5.000000e-01,	0.000000e+00	
57	3.715352e+02	5.000000e-01,	0.000000e+00	
58	3.801894e+02	5.000000e-01,	0.000000e+00	
59	3.890451e+02	5.000000e-01,	0.000000e+00	
60	3.981072e+02	5.000000e-01,	0.000000e+00	
61	4.073803e+02	5.000000e-01,	0.000000e+00	
62	4.168694e+02	5.000000e-01,	0.000000e+00	
63	4.265795e+02	5.000000e-01,	0.000000e+00	
64	4.365158e+02	5.000000e-01,	0.000000e+00	
65	4.466836e+02	5.000000e-01,	0.000000e+00	
66	4.570882e+02	5.000000e-01,	0.000000e+00	
67	4.677351e+02	5.000000e-01,	0.000000e+00	
68	4.786301e+02	5.000000e-01,	0.000000e+00	
69	4.897788e+02	5.000000e-01,	0.000000e+00	
70	5.011872e+02	5.000000e-01,	0.000000e+00	
71	5.128614e+02	5.000000e-01,	0.000000e+00	
72	5.248075e+02	5.000000e-01,	0.000000e+00	
73	5.370318e+02	5.000000e-01,	0.000000e+00	
74	5.495409e+02	5.000000e-01,	0.000000e+00	
75	5.623413e+02	5.000000e-01,	0.000000e+00	
76	5.754399e+02	5.000000e-01,	0.000000e+00	
77	5.888437e+02	5.000000e-01,	0.000000e+00	
78	6.025596e+02	5.000000e-01,	0.000000e+00	
79	6.165950e+02	5.000000e-01,	0.000000e+00	
80	6.309573e+02	5.000000e-01,	0.000000e+00	
81	6.456542e+02	5.000000e-01,	0.000000e+00	
82	6.606934e+02	5.000000e-01,	0.000000e+00	
83	6.760830e+02	5.000000e-01,	0.000000e+00	
84	6.918310e+02	5.000000e-01,	0.000000e+00	
85	7.079458e+02	5.000000e-01,	0.000000e+00	
86	7.244360e+02	5.000000e-01,	0.000000e+00	
87	7.413102e+02	5.000000e-01,	0.000000e+00	
88	7.585776e+02	5.000000e-01,	0.000000e+00	
89	7.762471e+02	5.000000e-01,	0.000000e+00	
90	7.943282e+02	5.000000e-01,	0.000000e+00	
91	8.128305e+02	5.000000e-01,	0.000000e+00	
92	8.317638e+02	5.000000e-01,	0.000000e+00	
93	8.511380e+02	5.000000e-01,	0.000000e+00	
94	8.709636e+02	5.000000e-01,	0.000000e+00	
95	8.912509e+02	5.000000e-01,	0.000000e+00	
96	9.120108e+02	5.000000e-01,	0.000000e+00	
97	9.332543e+02	5.000000e-01,	0.000000e+00	
98	9.549926e+02	5.000000e-01,	0.000000e+00	
99	9.772372e+02	5.000000e-01,	0.000000e+00	
100	1.000000e+03	5.000000e-01,	0.000000e+00	
101	1.023293e+03	5.000000e-01,	0.000000e+00	
102	1.047129e+03	5.000000e-01,	0.000000e+00	
103	1.071519e+03	5.000000e-01,	0.000000e+00	
104	1.096478e+03	5.000000e-01,	0.000000e+00	
105	1.122018e+03	5.000000e-01,	0.000000e+00	
106	1.148154e+03	5.000000e-01,	0.000000e+00	
107	1.174898e+03	5.000000e-01,	0.000000e+00	
108	1.202264e+03	5.000000e-01,	0.000000e+00	
109	1.230269e+03	5.000000e-01,	0.000000e+00	
110	1.258925e+03	5.000000e-01,	0.000000e+00	
111	1.288250e+03	5.000000e-01,	0.000000e+00	
112	1.318257e+03	5.000000e-01,	0.000000e+00	

Index   frequency       net-_r1-pad2_                   
--------------------------------------------------------------------------------
113	1.348963e+03	5.000000e-01,	0.000000e+00	
114	1.380384e+03	5.000000e-01,	0.000000e+00	
115	1.412538e+03	5.000000e-01,	0.000000e+00	
116	1.445440e+03	5.000000e-01,	0.000000e+00	
117	1.479108e+03	5.000000e-01,	0.000000e+00	
118	1.513561e+03	5.000000e-01,	0.000000e+00	
119	1.548817e+03	5.000000e-01,	0.000000e+00	
120	1.584893e+03	5.000000e-01,	0.000000e+00	
121	1.621810e+03	5.000000e-01,	0.000000e+00	
122	1.659587e+03	5.000000e-01,	0.000000e+00	
123	1.698244e+03	5.000000e-01,	0.000000e+00	
124	1.737801e+03	5.000000e-01,	0.000000e+00	
125	1.778279e+03	5.000000e-01,	0.000000e+00	
126	1.819701e+03	5.000000e-01,	0.000000e+00	
127	1.862087e+03	5.000000e-01,	0.000000e+00	
128	1.905461e+03	5.000000e-01,	0.000000e+00	
129	1.949845e+03	5.000000e-01,	0.000000e+00	
130	1.995262e+03	5.000000e-01,	0.000000e+00	
131	2.041738e+03	5.000000e-01,	0.000000e+00	
132	2.089296e+03	5.000000e-01,	0.000000e+00	
133	2.137962e+03	5.000000e-01,	0.000000e+00	
134	2.187762e+03	5.000000e-01,	0.000000e+00	
135	2.238721e+03	5.000000e-01,	0.000000e+00	
136	2.290868e+03	5.000000e-01,	0.000000e+00	
137	2.344229e+03	5.000000e-01,	0.000000e+00	
138	2.398833e+03	5.000000e-01,	0.000000e+00	
139	2.454709e+03	5.000000e-01,	0.000000e+00	
140	2.511886e+03	5.000000e-01,	0.000000e+00	
141	2.570396e+03	5.000000e-01,	0.000000e+00	
142	2.630268e+03	5.000000e-01,	0.000000e+00	
143	2.691535e+03	5.000000e-01,	0.000000e+00	
144	2.754229e+03	5.000000e-01,	0.000000e+00	
145	2.818383e+03	5.000000e-01,	0.000000e+00	
146	2.884032e+03	5.000000e-01,	0.000000e+00	
147	2.951209e+03	5.000000e-01,	0.000000e+00	
148	3.019952e+03	5.000000e-01,	0.000000e+00	
149	3.090295e+03	5.000000e-01,	0.000000e+00	
150	3.162278e+03	5.000000e-01,	0.000000e+00	
151	3.235937e+03	5.000000e-01,	0.000000e+00	
152	3.311311e+03	5.000000e-01,	0.000000e+00	
153	3.388442e+03	5.000000e-01,	0.000000e+00	
154	3.467369e+03	5.000000e-01,	0.000000e+00	
155	3.548134e+03	5.000000e-01,	0.000000e+00	
156	3.630781e+03	5.000000e-01,	0.000000e+00	
157	3.715352e+03	5.000000e-01,	0.000000e+00	
158	3.801894e+03	5.000000e-01,	0.000000e+00	
159	3.890451e+03	5.000000e-01,	0.000000e+00	
160	3.981072e+03	5.000000e-01,	0.000000e+00	
161	4.073803e+03	5.000000e-01,	0.000000e+00	
162	4.168694e+03	5.000000e-01,	0.000000e+00	
163	4.265795e+03	5.000000e-01,	0.000000e+00	
164	4.365158e+03	5.000000e-01,	0.000000e+00	
165	4.466836e+03	5.000000e-01,	0.000000e+00	
166	4.570882e+03	5.000000e-01,	0.000000e+00	
167	4.677351e+03	5.000000e-01,	0.000000e+00	
168	4.786301e+03	5.000000e-01,	0.000000e+00	
169	4.897788e+03	5.000000e-01,	0.000000e+00	
170	5.011872e+03	5.000000e-01,	0.000000e+00	

Index   frequency       net-_r1-pad2_                   
--------------------------------------------------------------------------------
171	5.128614e+03	5.000000e-01,	0.000000e+00	
172	5.248075e+03	5.000000e-01,	0.000000e+00	
173	5.370318e+03	5.000000e-01,	0.000000e+00	
174	5.495409e+03	5.000000e-01,	0.000000e+00	
175	5.623413e+03	5.000000e-01,	0.000000e+00	
176	5.754399e+03	5.000000e-01,	0.000000e+00	
177	5.888437e+03	5.000000e-01,	0.000000e+00	
178	6.025596e+03	5.000000e-01,	0.000000e+00	
179	6.165950e+03	5.000000e-01,	0.000000e+00	
180	6.309573e+03	5.000000e-01,	0.000000e+00	
181	6.456542e+03	5.000000e-01,	0.000000e+00	
182	6.606934e+03	5.000000e-01,	0.000000e+00	
183	6.760830e+03	5.000000e-01,	0.000000e+00	
184	6.918310e+03	5.000000e-01,	0.000000e+00	
185	7.079458e+03	5.000000e-01,	0.000000e+00	
186	7.244360e+03	5.000000e-01,	0.000000e+00	
187	7.413102e+03	5.000000e-01,	0.000000e+00	
188	7.585776e+03	5.000000e-01,	0.000000e+00	
189	7.762471e+03	5.000000e-01,	0.000000e+00	
190	7.943282e+03	5.000000e-01,	0.000000e+00	
191	8.128305e+03	5.000000e-01,	0.000000e+00	
192	8.317638e+03	5.000000e-01,	0.000000e+00	
193	8.511380e+03	5.000000e-01,	0.000000e+00	
194	8.709636e+03	5.000000e-01,	0.000000e+00	
195	8.912509e+03	5.000000e-01,	0.000000e+00	
196	9.120108e+03	5.000000e-01,	0.000000e+00	
197	9.332543e+03	5.000000e-01,	0.000000e+00	
198	9.549926e+03	5.000000e-01,	0.000000e+00	
199	9.772372e+03	5.000000e-01,	0.000000e+00	
200	1.000000e+04	5.000000e-01,	0.000000e+00	

 * /home/fossee/downloads/esim-master/examples/bjt_amplifier/bjt_amplifier.cir
 AC Analysis  Wed Aug 19 15:39:21  2015
--------------------------------------------------------------------------------
Index   frequency       net-_r2-pad1_                   
--------------------------------------------------------------------------------
0	1.000000e+02	0.000000e+00,	0.000000e+00	
1	1.023293e+02	0.000000e+00,	0.000000e+00	
2	1.047129e+02	0.000000e+00,	0.000000e+00	
3	1.071519e+02	0.000000e+00,	0.000000e+00	
4	1.096478e+02	0.000000e+00,	0.000000e+00	
5	1.122018e+02	0.000000e+00,	0.000000e+00	
6	1.148154e+02	0.000000e+00,	0.000000e+00	
7	1.174898e+02	0.000000e+00,	0.000000e+00	
8	1.202264e+02	0.000000e+00,	0.000000e+00	
9	1.230269e+02	0.000000e+00,	0.000000e+00	
10	1.258925e+02	0.000000e+00,	0.000000e+00	
11	1.288250e+02	0.000000e+00,	0.000000e+00	
12	1.318257e+02	0.000000e+00,	0.000000e+00	
13	1.348963e+02	0.000000e+00,	0.000000e+00	
14	1.380384e+02	0.000000e+00,	0.000000e+00	
15	1.412538e+02	0.000000e+00,	0.000000e+00	
16	1.445440e+02	0.000000e+00,	0.000000e+00	
17	1.479108e+02	0.000000e+00,	0.000000e+00	
18	1.513561e+02	0.000000e+00,	0.000000e+00	
19	1.548817e+02	0.000000e+00,	0.000000e+00	
20	1.584893e+02	0.000000e+00,	0.000000e+00	
21	1.621810e+02	0.000000e+00,	0.000000e+00	
22	1.659587e+02	0.000000e+00,	0.000000e+00	
23	1.698244e+02	0.000000e+00,	0.000000e+00	
24	1.737801e+02	0.000000e+00,	0.000000e+00	
25	1.778279e+02	0.000000e+00,	0.000000e+00	
26	1.819701e+02	0.000000e+00,	0.000000e+00	
27	1.862087e+02	0.000000e+00,	0.000000e+00	
28	1.905461e+02	0.000000e+00,	0.000000e+00	
29	1.949845e+02	0.000000e+00,	0.000000e+00	
30	1.995262e+02	0.000000e+00,	0.000000e+00	
31	2.041738e+02	0.000000e+00,	0.000000e+00	
32	2.089296e+02	0.000000e+00,	0.000000e+00	
33	2.137962e+02	0.000000e+00,	0.000000e+00	
34	2.187762e+02	0.000000e+00,	0.000000e+00	
35	2.238721e+02	0.000000e+00,	0.000000e+00	
36	2.290868e+02	0.000000e+00,	0.000000e+00	
37	2.344229e+02	0.000000e+00,	0.000000e+00	
38	2.398833e+02	0.000000e+00,	0.000000e+00	
39	2.454709e+02	0.000000e+00,	0.000000e+00	
40	2.511886e+02	0.000000e+00,	0.000000e+00	
41	2.570396e+02	0.000000e+00,	0.000000e+00	
42	2.630268e+02	0.000000e+00,	0.000000e+00	
43	2.691535e+02	0.000000e+00,	0.000000e+00	
44	2.754229e+02	0.000000e+00,	0.000000e+00	
45	2.818383e+02	0.000000e+00,	0.000000e+00	
46	2.884032e+02	0.000000e+00,	0.000000e+00	
47	2.951209e+02	0.000000e+00,	0.000000e+00	
48	3.019952e+02	0.000000e+00,	0.000000e+00	
49	3.090295e+02	0.000000e+00,	0.000000e+00	
50	3.162278e+02	0.000000e+00,	0.000000e+00	
51	3.235937e+02	0.000000e+00,	0.000000e+00	
52	3.311311e+02	0.000000e+00,	0.000000e+00	
53	3.388442e+02	0.000000e+00,	0.000000e+00	
54	3.467369e+02	0.000000e+00,	0.000000e+00	

Index   frequency       net-_r2-pad1_                   
--------------------------------------------------------------------------------
55	3.548134e+02	0.000000e+00,	0.000000e+00	
56	3.630781e+02	0.000000e+00,	0.000000e+00	
57	3.715352e+02	0.000000e+00,	0.000000e+00	
58	3.801894e+02	0.000000e+00,	0.000000e+00	
59	3.890451e+02	0.000000e+00,	0.000000e+00	
60	3.981072e+02	0.000000e+00,	0.000000e+00	
61	4.073803e+02	0.000000e+00,	0.000000e+00	
62	4.168694e+02	0.000000e+00,	0.000000e+00	
63	4.265795e+02	0.000000e+00,	0.000000e+00	
64	4.365158e+02	0.000000e+00,	0.000000e+00	
65	4.466836e+02	0.000000e+00,	0.000000e+00	
66	4.570882e+02	0.000000e+00,	0.000000e+00	
67	4.677351e+02	0.000000e+00,	0.000000e+00	
68	4.786301e+02	0.000000e+00,	0.000000e+00	
69	4.897788e+02	0.000000e+00,	0.000000e+00	
70	5.011872e+02	0.000000e+00,	0.000000e+00	
71	5.128614e+02	0.000000e+00,	0.000000e+00	
72	5.248075e+02	0.000000e+00,	0.000000e+00	
73	5.370318e+02	0.000000e+00,	0.000000e+00	
74	5.495409e+02	0.000000e+00,	0.000000e+00	
75	5.623413e+02	0.000000e+00,	0.000000e+00	
76	5.754399e+02	0.000000e+00,	0.000000e+00	
77	5.888437e+02	0.000000e+00,	0.000000e+00	
78	6.025596e+02	0.000000e+00,	0.000000e+00	
79	6.165950e+02	0.000000e+00,	0.000000e+00	
80	6.309573e+02	0.000000e+00,	0.000000e+00	
81	6.456542e+02	0.000000e+00,	0.000000e+00	
82	6.606934e+02	0.000000e+00,	0.000000e+00	
83	6.760830e+02	0.000000e+00,	0.000000e+00	
84	6.918310e+02	0.000000e+00,	0.000000e+00	
85	7.079458e+02	0.000000e+00,	0.000000e+00	
86	7.244360e+02	0.000000e+00,	0.000000e+00	
87	7.413102e+02	0.000000e+00,	0.000000e+00	
88	7.585776e+02	0.000000e+00,	0.000000e+00	
89	7.762471e+02	0.000000e+00,	0.000000e+00	
90	7.943282e+02	0.000000e+00,	0.000000e+00	
91	8.128305e+02	0.000000e+00,	0.000000e+00	
92	8.317638e+02	0.000000e+00,	0.000000e+00	
93	8.511380e+02	0.000000e+00,	0.000000e+00	
94	8.709636e+02	0.000000e+00,	0.000000e+00	
95	8.912509e+02	0.000000e+00,	0.000000e+00	
96	9.120108e+02	0.000000e+00,	0.000000e+00	
97	9.332543e+02	0.000000e+00,	0.000000e+00	
98	9.549926e+02	0.000000e+00,	0.000000e+00	
99	9.772372e+02	0.000000e+00,	0.000000e+00	
100	1.000000e+03	0.000000e+00,	0.000000e+00	
101	1.023293e+03	0.000000e+00,	0.000000e+00	
102	1.047129e+03	0.000000e+00,	0.000000e+00	
103	1.071519e+03	0.000000e+00,	0.000000e+00	
104	1.096478e+03	0.000000e+00,	0.000000e+00	
105	1.122018e+03	0.000000e+00,	0.000000e+00	
106	1.148154e+03	0.000000e+00,	0.000000e+00	
107	1.174898e+03	0.000000e+00,	0.000000e+00	
108	1.202264e+03	0.000000e+00,	0.000000e+00	
109	1.230269e+03	0.000000e+00,	0.000000e+00	
110	1.258925e+03	0.000000e+00,	0.000000e+00	
111	1.288250e+03	0.000000e+00,	0.000000e+00	
112	1.318257e+03	0.000000e+00,	0.000000e+00	

Index   frequency       net-_r2-pad1_                   
--------------------------------------------------------------------------------
113	1.348963e+03	0.000000e+00,	0.000000e+00	
114	1.380384e+03	0.000000e+00,	0.000000e+00	
115	1.412538e+03	0.000000e+00,	0.000000e+00	
116	1.445440e+03	0.000000e+00,	0.000000e+00	
117	1.479108e+03	0.000000e+00,	0.000000e+00	
118	1.513561e+03	0.000000e+00,	0.000000e+00	
119	1.548817e+03	0.000000e+00,	0.000000e+00	
120	1.584893e+03	0.000000e+00,	0.000000e+00	
121	1.621810e+03	0.000000e+00,	0.000000e+00	
122	1.659587e+03	0.000000e+00,	0.000000e+00	
123	1.698244e+03	0.000000e+00,	0.000000e+00	
124	1.737801e+03	0.000000e+00,	0.000000e+00	
125	1.778279e+03	0.000000e+00,	0.000000e+00	
126	1.819701e+03	0.000000e+00,	0.000000e+00	
127	1.862087e+03	0.000000e+00,	0.000000e+00	
128	1.905461e+03	0.000000e+00,	0.000000e+00	
129	1.949845e+03	0.000000e+00,	0.000000e+00	
130	1.995262e+03	0.000000e+00,	0.000000e+00	
131	2.041738e+03	0.000000e+00,	0.000000e+00	
132	2.089296e+03	0.000000e+00,	0.000000e+00	
133	2.137962e+03	0.000000e+00,	0.000000e+00	
134	2.187762e+03	0.000000e+00,	0.000000e+00	
135	2.238721e+03	0.000000e+00,	0.000000e+00	
136	2.290868e+03	0.000000e+00,	0.000000e+00	
137	2.344229e+03	0.000000e+00,	0.000000e+00	
138	2.398833e+03	0.000000e+00,	0.000000e+00	
139	2.454709e+03	0.000000e+00,	0.000000e+00	
140	2.511886e+03	0.000000e+00,	0.000000e+00	
141	2.570396e+03	0.000000e+00,	0.000000e+00	
142	2.630268e+03	0.000000e+00,	0.000000e+00	
143	2.691535e+03	0.000000e+00,	0.000000e+00	
144	2.754229e+03	0.000000e+00,	0.000000e+00	
145	2.818383e+03	0.000000e+00,	0.000000e+00	
146	2.884032e+03	0.000000e+00,	0.000000e+00	
147	2.951209e+03	0.000000e+00,	0.000000e+00	
148	3.019952e+03	0.000000e+00,	0.000000e+00	
149	3.090295e+03	0.000000e+00,	0.000000e+00	
150	3.162278e+03	0.000000e+00,	0.000000e+00	
151	3.235937e+03	0.000000e+00,	0.000000e+00	
152	3.311311e+03	0.000000e+00,	0.000000e+00	
153	3.388442e+03	0.000000e+00,	0.000000e+00	
154	3.467369e+03	0.000000e+00,	0.000000e+00	
155	3.548134e+03	0.000000e+00,	0.000000e+00	
156	3.630781e+03	0.000000e+00,	0.000000e+00	
157	3.715352e+03	0.000000e+00,	0.000000e+00	
158	3.801894e+03	0.000000e+00,	0.000000e+00	
159	3.890451e+03	0.000000e+00,	0.000000e+00	
160	3.981072e+03	0.000000e+00,	0.000000e+00	
161	4.073803e+03	0.000000e+00,	0.000000e+00	
162	4.168694e+03	0.000000e+00,	0.000000e+00	
163	4.265795e+03	0.000000e+00,	0.000000e+00	
164	4.365158e+03	0.000000e+00,	0.000000e+00	
165	4.466836e+03	0.000000e+00,	0.000000e+00	
166	4.570882e+03	0.000000e+00,	0.000000e+00	
167	4.677351e+03	0.000000e+00,	0.000000e+00	
168	4.786301e+03	0.000000e+00,	0.000000e+00	
169	4.897788e+03	0.000000e+00,	0.000000e+00	
170	5.011872e+03	0.000000e+00,	0.000000e+00	

Index   frequency       net-_r2-pad1_                   
--------------------------------------------------------------------------------
171	5.128614e+03	0.000000e+00,	0.000000e+00	
172	5.248075e+03	0.000000e+00,	0.000000e+00	
173	5.370318e+03	0.000000e+00,	0.000000e+00	
174	5.495409e+03	0.000000e+00,	0.000000e+00	
175	5.623413e+03	0.000000e+00,	0.000000e+00	
176	5.754399e+03	0.000000e+00,	0.000000e+00	
177	5.888437e+03	0.000000e+00,	0.000000e+00	
178	6.025596e+03	0.000000e+00,	0.000000e+00	
179	6.165950e+03	0.000000e+00,	0.000000e+00	
180	6.309573e+03	0.000000e+00,	0.000000e+00	
181	6.456542e+03	0.000000e+00,	0.000000e+00	
182	6.606934e+03	0.000000e+00,	0.000000e+00	
183	6.760830e+03	0.000000e+00,	0.000000e+00	
184	6.918310e+03	0.000000e+00,	0.000000e+00	
185	7.079458e+03	0.000000e+00,	0.000000e+00	
186	7.244360e+03	0.000000e+00,	0.000000e+00	
187	7.413102e+03	0.000000e+00,	0.000000e+00	
188	7.585776e+03	0.000000e+00,	0.000000e+00	
189	7.762471e+03	0.000000e+00,	0.000000e+00	
190	7.943282e+03	0.000000e+00,	0.000000e+00	
191	8.128305e+03	0.000000e+00,	0.000000e+00	
192	8.317638e+03	0.000000e+00,	0.000000e+00	
193	8.511380e+03	0.000000e+00,	0.000000e+00	
194	8.709636e+03	0.000000e+00,	0.000000e+00	
195	8.912509e+03	0.000000e+00,	0.000000e+00	
196	9.120108e+03	0.000000e+00,	0.000000e+00	
197	9.332543e+03	0.000000e+00,	0.000000e+00	
198	9.549926e+03	0.000000e+00,	0.000000e+00	
199	9.772372e+03	0.000000e+00,	0.000000e+00	
200	1.000000e+04	0.000000e+00,	0.000000e+00	

 * /home/fossee/downloads/esim-master/examples/bjt_amplifier/bjt_amplifier.cir
 AC Analysis  Wed Aug 19 15:39:21  2015
--------------------------------------------------------------------------------
Index   frequency       out                             
--------------------------------------------------------------------------------
0	1.000000e+02	-8.03793e+00,	-4.05191e+00	
1	1.023293e+02	-8.11150e+00,	-3.99558e+00	
2	1.047129e+02	-8.18302e+00,	-3.93873e+00	
3	1.071519e+02	-8.25249e+00,	-3.88145e+00	
4	1.096478e+02	-8.31993e+00,	-3.82382e+00	
5	1.122018e+02	-8.38537e+00,	-3.76590e+00	
6	1.148154e+02	-8.44882e+00,	-3.70777e+00	
7	1.174898e+02	-8.51031e+00,	-3.64951e+00	
8	1.202264e+02	-8.56987e+00,	-3.59117e+00	
9	1.230269e+02	-8.62752e+00,	-3.53282e+00	
10	1.258925e+02	-8.68330e+00,	-3.47453e+00	
11	1.288250e+02	-8.73724e+00,	-3.41635e+00	
12	1.318257e+02	-8.78938e+00,	-3.35833e+00	
13	1.348963e+02	-8.83975e+00,	-3.30053e+00	
14	1.380384e+02	-8.88839e+00,	-3.24300e+00	
15	1.412538e+02	-8.93534e+00,	-3.18577e+00	
16	1.445440e+02	-8.98063e+00,	-3.12890e+00	
17	1.479108e+02	-9.02432e+00,	-3.07242e+00	
18	1.513561e+02	-9.06643e+00,	-3.01638e+00	
19	1.548817e+02	-9.10702e+00,	-2.96080e+00	
20	1.584893e+02	-9.14611e+00,	-2.90572e+00	
21	1.621810e+02	-9.18376e+00,	-2.85116e+00	
22	1.659587e+02	-9.22000e+00,	-2.79717e+00	
23	1.698244e+02	-9.25488e+00,	-2.74375e+00	
24	1.737801e+02	-9.28843e+00,	-2.69093e+00	
25	1.778279e+02	-9.32070e+00,	-2.63873e+00	
26	1.819701e+02	-9.35172e+00,	-2.58718e+00	
27	1.862087e+02	-9.38154e+00,	-2.53628e+00	
28	1.905461e+02	-9.41019e+00,	-2.48605e+00	
29	1.949845e+02	-9.43772e+00,	-2.43650e+00	
30	1.995262e+02	-9.46415e+00,	-2.38765e+00	
31	2.041738e+02	-9.48954e+00,	-2.33951e+00	
32	2.089296e+02	-9.51391e+00,	-2.29207e+00	
33	2.137962e+02	-9.53729e+00,	-2.24536e+00	
34	2.187762e+02	-9.55974e+00,	-2.19936e+00	
35	2.238721e+02	-9.58127e+00,	-2.15410e+00	
36	2.290868e+02	-9.60192e+00,	-2.10956e+00	
37	2.344229e+02	-9.62172e+00,	-2.06575e+00	
38	2.398833e+02	-9.64071e+00,	-2.02268e+00	
39	2.454709e+02	-9.65891e+00,	-1.98033e+00	
40	2.511886e+02	-9.67636e+00,	-1.93872e+00	
41	2.570396e+02	-9.69308e+00,	-1.89783e+00	
42	2.630268e+02	-9.70910e+00,	-1.85766e+00	
43	2.691535e+02	-9.72445e+00,	-1.81822e+00	
44	2.754229e+02	-9.73916e+00,	-1.77949e+00	
45	2.818383e+02	-9.75324e+00,	-1.74147e+00	
46	2.884032e+02	-9.76673e+00,	-1.70416e+00	
47	2.951209e+02	-9.77965e+00,	-1.66754e+00	
48	3.019952e+02	-9.79201e+00,	-1.63162e+00	
49	3.090295e+02	-9.80385e+00,	-1.59639e+00	
50	3.162278e+02	-9.81518e+00,	-1.56183e+00	
51	3.235937e+02	-9.82603e+00,	-1.52794e+00	
52	3.311311e+02	-9.83641e+00,	-1.49472e+00	
53	3.388442e+02	-9.84634e+00,	-1.46215e+00	
54	3.467369e+02	-9.85585e+00,	-1.43023e+00	

Index   frequency       out                             
--------------------------------------------------------------------------------
55	3.548134e+02	-9.86494e+00,	-1.39894e+00	
56	3.630781e+02	-9.87364e+00,	-1.36829e+00	
57	3.715352e+02	-9.88196e+00,	-1.33825e+00	
58	3.801894e+02	-9.88992e+00,	-1.30882e+00	
59	3.890451e+02	-9.89754e+00,	-1.28000e+00	
60	3.981072e+02	-9.90482e+00,	-1.25176e+00	
61	4.073803e+02	-9.91179e+00,	-1.22411e+00	
62	4.168694e+02	-9.91845e+00,	-1.19704e+00	
63	4.265795e+02	-9.92482e+00,	-1.17052e+00	
64	4.365158e+02	-9.93091e+00,	-1.14456e+00	
65	4.466836e+02	-9.93673e+00,	-1.11915e+00	
66	4.570882e+02	-9.94230e+00,	-1.09427e+00	
67	4.677351e+02	-9.94762e+00,	-1.06992e+00	
68	4.786301e+02	-9.95271e+00,	-1.04608e+00	
69	4.897788e+02	-9.95757e+00,	-1.02275e+00	
70	5.011872e+02	-9.96222e+00,	-9.99920e-01	
71	5.128614e+02	-9.96667e+00,	-9.77578e-01	
72	5.248075e+02	-9.97091e+00,	-9.55715e-01	
73	5.370318e+02	-9.97497e+00,	-9.34324e-01	
74	5.495409e+02	-9.97885e+00,	-9.13394e-01	
75	5.623413e+02	-9.98256e+00,	-8.92917e-01	
76	5.754399e+02	-9.98611e+00,	-8.72883e-01	
77	5.888437e+02	-9.98949e+00,	-8.53285e-01	
78	6.025596e+02	-9.99273e+00,	-8.34114e-01	
79	6.165950e+02	-9.99582e+00,	-8.15361e-01	
80	6.309573e+02	-9.99878e+00,	-7.97018e-01	
81	6.456542e+02	-1.00016e+01,	-7.79077e-01	
82	6.606934e+02	-1.00043e+01,	-7.61529e-01	
83	6.760830e+02	-1.00069e+01,	-7.44367e-01	
84	6.918310e+02	-1.00093e+01,	-7.27582e-01	
85	7.079458e+02	-1.00117e+01,	-7.11167e-01	
86	7.244360e+02	-1.00139e+01,	-6.95115e-01	
87	7.413102e+02	-1.00161e+01,	-6.79417e-01	
88	7.585776e+02	-1.00181e+01,	-6.64066e-01	
89	7.762471e+02	-1.00201e+01,	-6.49055e-01	
90	7.943282e+02	-1.00220e+01,	-6.34377e-01	
91	8.128305e+02	-1.00238e+01,	-6.20025e-01	
92	8.317638e+02	-1.00255e+01,	-6.05992e-01	
93	8.511380e+02	-1.00271e+01,	-5.92271e-01	
94	8.709636e+02	-1.00287e+01,	-5.78855e-01	
95	8.912509e+02	-1.00302e+01,	-5.65738e-01	
96	9.120108e+02	-1.00316e+01,	-5.52914e-01	
97	9.332543e+02	-1.00330e+01,	-5.40376e-01	
98	9.549926e+02	-1.00343e+01,	-5.28117e-01	
99	9.772372e+02	-1.00355e+01,	-5.16133e-01	
100	1.000000e+03	-1.00367e+01,	-5.04417e-01	
101	1.023293e+03	-1.00378e+01,	-4.92962e-01	
102	1.047129e+03	-1.00389e+01,	-4.81764e-01	
103	1.071519e+03	-1.00399e+01,	-4.70817e-01	
104	1.096478e+03	-1.00409e+01,	-4.60116e-01	
105	1.122018e+03	-1.00419e+01,	-4.49654e-01	
106	1.148154e+03	-1.00428e+01,	-4.39427e-01	
107	1.174898e+03	-1.00436e+01,	-4.29429e-01	
108	1.202264e+03	-1.00444e+01,	-4.19656e-01	
109	1.230269e+03	-1.00452e+01,	-4.10102e-01	
110	1.258925e+03	-1.00460e+01,	-4.00762e-01	
111	1.288250e+03	-1.00467e+01,	-3.91633e-01	
112	1.318257e+03	-1.00474e+01,	-3.82709e-01	

Index   frequency       out                             
--------------------------------------------------------------------------------
113	1.348963e+03	-1.00480e+01,	-3.73985e-01	
114	1.380384e+03	-1.00487e+01,	-3.65457e-01	
115	1.412538e+03	-1.00492e+01,	-3.57121e-01	
116	1.445440e+03	-1.00498e+01,	-3.48973e-01	
117	1.479108e+03	-1.00504e+01,	-3.41008e-01	
118	1.513561e+03	-1.00509e+01,	-3.33222e-01	
119	1.548817e+03	-1.00514e+01,	-3.25611e-01	
120	1.584893e+03	-1.00518e+01,	-3.18171e-01	
121	1.621810e+03	-1.00523e+01,	-3.10899e-01	
122	1.659587e+03	-1.00527e+01,	-3.03790e-01	
123	1.698244e+03	-1.00531e+01,	-2.96841e-01	
124	1.737801e+03	-1.00535e+01,	-2.90049e-01	
125	1.778279e+03	-1.00539e+01,	-2.83409e-01	
126	1.819701e+03	-1.00543e+01,	-2.76919e-01	
127	1.862087e+03	-1.00546e+01,	-2.70574e-01	
128	1.905461e+03	-1.00549e+01,	-2.64372e-01	
129	1.949845e+03	-1.00553e+01,	-2.58310e-01	
130	1.995262e+03	-1.00556e+01,	-2.52384e-01	
131	2.041738e+03	-1.00558e+01,	-2.46591e-01	
132	2.089296e+03	-1.00561e+01,	-2.40928e-01	
133	2.137962e+03	-1.00564e+01,	-2.35392e-01	
134	2.187762e+03	-1.00566e+01,	-2.29980e-01	
135	2.238721e+03	-1.00569e+01,	-2.24690e-01	
136	2.290868e+03	-1.00571e+01,	-2.19519e-01	
137	2.344229e+03	-1.00573e+01,	-2.14463e-01	
138	2.398833e+03	-1.00575e+01,	-2.09521e-01	
139	2.454709e+03	-1.00577e+01,	-2.04690e-01	
140	2.511886e+03	-1.00579e+01,	-1.99966e-01	
141	2.570396e+03	-1.00581e+01,	-1.95349e-01	
142	2.630268e+03	-1.00583e+01,	-1.90834e-01	
143	2.691535e+03	-1.00584e+01,	-1.86421e-01	
144	2.754229e+03	-1.00586e+01,	-1.82106e-01	
145	2.818383e+03	-1.00587e+01,	-1.77887e-01	
146	2.884032e+03	-1.00589e+01,	-1.73763e-01	
147	2.951209e+03	-1.00590e+01,	-1.69730e-01	
148	3.019952e+03	-1.00591e+01,	-1.65787e-01	
149	3.090295e+03	-1.00593e+01,	-1.61932e-01	
150	3.162278e+03	-1.00594e+01,	-1.58162e-01	
151	3.235937e+03	-1.00595e+01,	-1.54477e-01	
152	3.311311e+03	-1.00596e+01,	-1.50873e-01	
153	3.388442e+03	-1.00597e+01,	-1.47348e-01	
154	3.467369e+03	-1.00598e+01,	-1.43902e-01	
155	3.548134e+03	-1.00599e+01,	-1.40532e-01	
156	3.630781e+03	-1.00600e+01,	-1.37237e-01	
157	3.715352e+03	-1.00601e+01,	-1.34014e-01	
158	3.801894e+03	-1.00602e+01,	-1.30861e-01	
159	3.890451e+03	-1.00602e+01,	-1.27779e-01	
160	3.981072e+03	-1.00603e+01,	-1.24764e-01	
161	4.073803e+03	-1.00604e+01,	-1.21815e-01	
162	4.168694e+03	-1.00604e+01,	-1.18930e-01	
163	4.265795e+03	-1.00605e+01,	-1.16109e-01	
164	4.365158e+03	-1.00606e+01,	-1.13349e-01	
165	4.466836e+03	-1.00606e+01,	-1.10649e-01	
166	4.570882e+03	-1.00607e+01,	-1.08007e-01	
167	4.677351e+03	-1.00607e+01,	-1.05423e-01	
168	4.786301e+03	-1.00608e+01,	-1.02895e-01	
169	4.897788e+03	-1.00608e+01,	-1.00421e-01	
170	5.011872e+03	-1.00609e+01,	-9.80001e-02	

Index   frequency       out                             
--------------------------------------------------------------------------------
171	5.128614e+03	-1.00609e+01,	-9.56314e-02	
172	5.248075e+03	-1.00610e+01,	-9.33133e-02	
173	5.370318e+03	-1.00610e+01,	-9.10447e-02	
174	5.495409e+03	-1.00611e+01,	-8.88243e-02	
175	5.623413e+03	-1.00611e+01,	-8.66510e-02	
176	5.754399e+03	-1.00611e+01,	-8.45236e-02	
177	5.888437e+03	-1.00612e+01,	-8.24410e-02	
178	6.025596e+03	-1.00612e+01,	-8.04021e-02	
179	6.165950e+03	-1.00612e+01,	-7.84058e-02	
180	6.309573e+03	-1.00613e+01,	-7.64510e-02	
181	6.456542e+03	-1.00613e+01,	-7.45367e-02	
182	6.606934e+03	-1.00613e+01,	-7.26620e-02	
183	6.760830e+03	-1.00613e+01,	-7.08257e-02	
184	6.918310e+03	-1.00614e+01,	-6.90270e-02	
185	7.079458e+03	-1.00614e+01,	-6.72649e-02	
186	7.244360e+03	-1.00614e+01,	-6.55384e-02	
187	7.413102e+03	-1.00614e+01,	-6.38466e-02	
188	7.585776e+03	-1.00615e+01,	-6.21887e-02	
189	7.762471e+03	-1.00615e+01,	-6.05638e-02	
190	7.943282e+03	-1.00615e+01,	-5.89709e-02	
191	8.128305e+03	-1.00615e+01,	-5.74093e-02	
192	8.317638e+03	-1.00615e+01,	-5.58782e-02	
193	8.511380e+03	-1.00616e+01,	-5.43766e-02	
194	8.709636e+03	-1.00616e+01,	-5.29039e-02	
195	8.912509e+03	-1.00616e+01,	-5.14592e-02	
196	9.120108e+03	-1.00616e+01,	-5.00418e-02	
197	9.332543e+03	-1.00616e+01,	-4.86510e-02	
198	9.549926e+03	-1.00616e+01,	-4.72859e-02	
199	9.772372e+03	-1.00616e+01,	-4.59459e-02	
200	1.000000e+04	-1.00616e+01,	-4.46302e-02	
