 * /home/fossee/esim-workspace/diode_characteristics/diode_characteristics.cir
 DC transfer characteristic  Thu Mar  3 20:54:14  2016
--------------------------------------------------------------------------------
Index   v-sweep         in              net-_r1-pad1_   out             
--------------------------------------------------------------------------------
0	0.000000e+00	0.000000e+00	-1.41436e-22	-1.41436e-22	
1	1.000000e-02	1.000000e-02	6.460401e-07	6.460401e-07	
2	2.000000e-02	2.000000e-02	1.459341e-06	1.459341e-06	
3	3.000000e-02	3.000000e-02	2.483200e-06	2.483200e-06	
4	4.000000e-02	4.000000e-02	3.772114e-06	3.772114e-06	
5	5.000000e-02	5.000000e-02	5.394680e-06	5.394680e-06	
6	6.000000e-02	6.000000e-02	7.437231e-06	7.437231e-06	
7	7.000000e-02	7.000000e-02	1.000842e-05	1.000842e-05	
8	8.000000e-02	8.000000e-02	1.324499e-05	1.324499e-05	
9	9.000000e-02	9.000000e-02	1.731896e-05	1.731896e-05	
10	1.000000e-01	1.000000e-01	2.244680e-05	2.244680e-05	
11	1.100000e-01	1.100000e-01	2.890076e-05	2.890076e-05	
12	1.200000e-01	1.200000e-01	3.702324e-05	3.702324e-05	
13	1.300000e-01	1.300000e-01	4.724470e-05	4.724470e-05	
14	1.400000e-01	1.400000e-01	6.010615e-05	6.010615e-05	
15	1.500000e-01	1.500000e-01	7.628723e-05	7.628723e-05	
16	1.600000e-01	1.600000e-01	9.664125e-05	9.664125e-05	
17	1.700000e-01	1.700000e-01	1.222388e-04	1.222388e-04	
18	1.800000e-01	1.800000e-01	1.544221e-04	1.544221e-04	
19	1.900000e-01	1.900000e-01	1.948715e-04	1.948715e-04	
20	2.000000e-01	2.000000e-01	2.456885e-04	2.456885e-04	
21	2.100000e-01	2.100000e-01	3.094962e-04	3.094962e-04	
22	2.200000e-01	2.200000e-01	3.895620e-04	3.895620e-04	
23	2.300000e-01	2.300000e-01	4.899444e-04	4.899444e-04	
24	2.400000e-01	2.400000e-01	6.156678e-04	6.156678e-04	
25	2.500000e-01	2.500000e-01	7.729256e-04	7.729256e-04	
26	2.600000e-01	2.600000e-01	9.693126e-04	9.693126e-04	
27	2.700000e-01	2.700000e-01	1.214081e-03	1.214081e-03	
28	2.800000e-01	2.800000e-01	1.518410e-03	1.518410e-03	
29	2.900000e-01	2.900000e-01	1.895675e-03	1.895675e-03	
30	3.000000e-01	3.000000e-01	2.361683e-03	2.361683e-03	
31	3.100000e-01	3.100000e-01	2.934837e-03	2.934837e-03	
32	3.200000e-01	3.200000e-01	3.636178e-03	3.636178e-03	
33	3.300000e-01	3.300000e-01	4.489248e-03	4.489248e-03	
34	3.400000e-01	3.400000e-01	5.519699e-03	5.519699e-03	
35	3.500000e-01	3.500000e-01	6.754635e-03	6.754635e-03	
36	3.600000e-01	3.600000e-01	8.221647e-03	8.221647e-03	
37	3.700000e-01	3.700000e-01	9.947614e-03	9.947614e-03	
38	3.800000e-01	3.800000e-01	1.195735e-02	1.195735e-02	
39	3.900000e-01	3.900000e-01	1.427230e-02	1.427230e-02	
40	4.000000e-01	4.000000e-01	1.690937e-02	1.690937e-02	
41	4.100000e-01	4.100000e-01	1.988015e-02	1.988015e-02	
42	4.200000e-01	4.200000e-01	2.319060e-02	2.319060e-02	
43	4.300000e-01	4.300000e-01	2.684113e-02	2.684113e-02	
44	4.400000e-01	4.400000e-01	3.082710e-02	3.082710e-02	
45	4.500000e-01	4.500000e-01	3.513959e-02	3.513959e-02	
46	4.600000e-01	4.600000e-01	3.976636e-02	3.976636e-02	
47	4.700000e-01	4.700000e-01	4.469273e-02	4.469273e-02	
48	4.800000e-01	4.800000e-01	4.990247e-02	4.990247e-02	
49	4.900000e-01	4.900000e-01	5.537858e-02	5.537858e-02	
50	5.000000e-01	5.000000e-01	6.110383e-02	6.110383e-02	
51	5.100000e-01	5.100000e-01	6.706125e-02	6.706125e-02	
52	5.200000e-01	5.200000e-01	7.323446e-02	7.323446e-02	
53	5.300000e-01	5.300000e-01	7.960786e-02	7.960786e-02	
54	5.400000e-01	5.400000e-01	8.616679e-02	8.616679e-02	

Index   v-sweep         in              net-_r1-pad1_   out             
--------------------------------------------------------------------------------
55	5.500000e-01	5.500000e-01	9.289756e-02	9.289756e-02	
56	5.600000e-01	5.600000e-01	9.978749e-02	9.978749e-02	
57	5.700000e-01	5.700000e-01	1.068249e-01	1.068249e-01	
58	5.800000e-01	5.800000e-01	1.139989e-01	1.139989e-01	
59	5.900000e-01	5.900000e-01	1.212998e-01	1.212998e-01	
60	6.000000e-01	6.000000e-01	1.287185e-01	1.287185e-01	
61	6.100000e-01	6.100000e-01	1.362467e-01	1.362467e-01	
62	6.200000e-01	6.200000e-01	1.438768e-01	1.438768e-01	
63	6.300000e-01	6.300000e-01	1.516020e-01	1.516020e-01	
64	6.400000e-01	6.400000e-01	1.594158e-01	1.594158e-01	
65	6.500000e-01	6.500000e-01	1.673126e-01	1.673126e-01	
66	6.600000e-01	6.600000e-01	1.752869e-01	1.752869e-01	
67	6.700000e-01	6.700000e-01	1.833339e-01	1.833339e-01	
68	6.800000e-01	6.800000e-01	1.914492e-01	1.914492e-01	
69	6.900000e-01	6.900000e-01	1.996286e-01	1.996286e-01	
70	7.000000e-01	7.000000e-01	2.078683e-01	2.078683e-01	
71	7.100000e-01	7.100000e-01	2.161648e-01	2.161648e-01	
72	7.200000e-01	7.200000e-01	2.245149e-01	2.245149e-01	
73	7.300000e-01	7.300000e-01	2.329157e-01	2.329157e-01	
74	7.400000e-01	7.400000e-01	2.413644e-01	2.413644e-01	
75	7.500000e-01	7.500000e-01	2.498584e-01	2.498584e-01	
76	7.600000e-01	7.600000e-01	2.583954e-01	2.583954e-01	
77	7.700000e-01	7.700000e-01	2.669732e-01	2.669732e-01	
78	7.800000e-01	7.800000e-01	2.755897e-01	2.755897e-01	
79	7.900000e-01	7.900000e-01	2.842430e-01	2.842430e-01	
80	8.000000e-01	8.000000e-01	2.929314e-01	2.929314e-01	
81	8.100000e-01	8.100000e-01	3.016532e-01	3.016532e-01	
82	8.200000e-01	8.200000e-01	3.104068e-01	3.104068e-01	
83	8.300000e-01	8.300000e-01	3.191908e-01	3.191908e-01	
84	8.400000e-01	8.400000e-01	3.280039e-01	3.280039e-01	
85	8.500000e-01	8.500000e-01	3.368447e-01	3.368447e-01	
86	8.600000e-01	8.600000e-01	3.457121e-01	3.457121e-01	
87	8.700000e-01	8.700000e-01	3.546049e-01	3.546049e-01	
88	8.800000e-01	8.800000e-01	3.635222e-01	3.635222e-01	
89	8.900000e-01	8.900000e-01	3.724628e-01	3.724628e-01	
90	9.000000e-01	9.000000e-01	3.814259e-01	3.814259e-01	
91	9.100000e-01	9.100000e-01	3.904106e-01	3.904106e-01	
92	9.200000e-01	9.200000e-01	3.994160e-01	3.994160e-01	
93	9.300000e-01	9.300000e-01	4.084414e-01	4.084414e-01	
94	9.400000e-01	9.400000e-01	4.174859e-01	4.174859e-01	
95	9.500000e-01	9.500000e-01	4.265490e-01	4.265490e-01	
96	9.600000e-01	9.600000e-01	4.356299e-01	4.356299e-01	
97	9.700000e-01	9.700000e-01	4.447280e-01	4.447280e-01	
98	9.800000e-01	9.800000e-01	4.538426e-01	4.538426e-01	
99	9.900000e-01	9.900000e-01	4.629733e-01	4.629733e-01	
100	1.000000e+00	1.000000e+00	4.721194e-01	4.721194e-01	

 * /home/fossee/esim-workspace/diode_characteristics/diode_characteristics.cir
 DC transfer characteristic  Thu Mar  3 20:54:14  2016
--------------------------------------------------------------------------------
Index   v-sweep         
--------------------------------------------------------------------------------
0	0.000000e+00	
1	1.000000e-02	
2	2.000000e-02	
3	3.000000e-02	
4	4.000000e-02	
5	5.000000e-02	
6	6.000000e-02	
7	7.000000e-02	
8	8.000000e-02	
9	9.000000e-02	
10	1.000000e-01	
11	1.100000e-01	
12	1.200000e-01	
13	1.300000e-01	
14	1.400000e-01	
15	1.500000e-01	
16	1.600000e-01	
17	1.700000e-01	
18	1.800000e-01	
19	1.900000e-01	
20	2.000000e-01	
21	2.100000e-01	
22	2.200000e-01	
23	2.300000e-01	
24	2.400000e-01	
25	2.500000e-01	
26	2.600000e-01	
27	2.700000e-01	
28	2.800000e-01	
29	2.900000e-01	
30	3.000000e-01	
31	3.100000e-01	
32	3.200000e-01	
33	3.300000e-01	
34	3.400000e-01	
35	3.500000e-01	
36	3.600000e-01	
37	3.700000e-01	
38	3.800000e-01	
39	3.900000e-01	
40	4.000000e-01	
41	4.100000e-01	
42	4.200000e-01	
43	4.300000e-01	
44	4.400000e-01	
45	4.500000e-01	
46	4.600000e-01	
47	4.700000e-01	
48	4.800000e-01	
49	4.900000e-01	
50	5.000000e-01	
51	5.100000e-01	
52	5.200000e-01	
53	5.300000e-01	
54	5.400000e-01	

Index   v-sweep         
--------------------------------------------------------------------------------
55	5.500000e-01	
56	5.600000e-01	
57	5.700000e-01	
58	5.800000e-01	
59	5.900000e-01	
60	6.000000e-01	
61	6.100000e-01	
62	6.200000e-01	
63	6.300000e-01	
64	6.400000e-01	
65	6.500000e-01	
66	6.600000e-01	
67	6.700000e-01	
68	6.800000e-01	
69	6.900000e-01	
70	7.000000e-01	
71	7.100000e-01	
72	7.200000e-01	
73	7.300000e-01	
74	7.400000e-01	
75	7.500000e-01	
76	7.600000e-01	
77	7.700000e-01	
78	7.800000e-01	
79	7.900000e-01	
80	8.000000e-01	
81	8.100000e-01	
82	8.200000e-01	
83	8.300000e-01	
84	8.400000e-01	
85	8.500000e-01	
86	8.600000e-01	
87	8.700000e-01	
88	8.800000e-01	
89	8.900000e-01	
90	9.000000e-01	
91	9.100000e-01	
92	9.200000e-01	
93	9.300000e-01	
94	9.400000e-01	
95	9.500000e-01	
96	9.600000e-01	
97	9.700000e-01	
98	9.800000e-01	
99	9.900000e-01	
100	1.000000e+00	
