  * /home/fossee/esim-workspace/zener_characteristic/zener_characteristic.cir
  DC transfer characteristic  Thu Mar  3 22:40:04  2016
--------------------------------------------------------------------------------
Index   v-sweep         in              net-_r1-pad2_   out             
--------------------------------------------------------------------------------
0	0.000000e+00	0.000000e+00	0.000000e+00	0.000000e+00	
1	5.000000e-02	5.000000e-02	4.999107e-02	4.999107e-02	
2	1.000000e-01	1.000000e-01	9.998214e-02	9.998214e-02	
3	1.500000e-01	1.500000e-01	1.499732e-01	1.499732e-01	
4	2.000000e-01	2.000000e-01	1.999643e-01	1.999643e-01	
5	2.500000e-01	2.500000e-01	2.499554e-01	2.499554e-01	
6	3.000000e-01	3.000000e-01	2.999464e-01	2.999464e-01	
7	3.500000e-01	3.500000e-01	3.499375e-01	3.499375e-01	
8	4.000000e-01	4.000000e-01	3.999286e-01	3.999286e-01	
9	4.500000e-01	4.500000e-01	4.499197e-01	4.499197e-01	
10	5.000000e-01	5.000000e-01	4.999107e-01	4.999107e-01	
11	5.500000e-01	5.500000e-01	5.499018e-01	5.499018e-01	
12	6.000000e-01	6.000000e-01	5.998929e-01	5.998929e-01	
13	6.500000e-01	6.500000e-01	6.498839e-01	6.498839e-01	
14	7.000000e-01	7.000000e-01	6.998750e-01	6.998750e-01	
15	7.500000e-01	7.500000e-01	7.498661e-01	7.498661e-01	
16	8.000000e-01	8.000000e-01	7.998572e-01	7.998572e-01	
17	8.500000e-01	8.500000e-01	8.498482e-01	8.498482e-01	
18	9.000000e-01	9.000000e-01	8.998393e-01	8.998393e-01	
19	9.500000e-01	9.500000e-01	9.498304e-01	9.498304e-01	
20	1.000000e+00	1.000000e+00	9.998215e-01	9.998215e-01	
21	1.050000e+00	1.050000e+00	1.049813e+00	1.049813e+00	
22	1.100000e+00	1.100000e+00	1.099804e+00	1.099804e+00	
23	1.150000e+00	1.150000e+00	1.149795e+00	1.149795e+00	
24	1.200000e+00	1.200000e+00	1.199786e+00	1.199786e+00	
25	1.250000e+00	1.250000e+00	1.249777e+00	1.249777e+00	
26	1.300000e+00	1.300000e+00	1.299768e+00	1.299768e+00	
27	1.350000e+00	1.350000e+00	1.349759e+00	1.349759e+00	
28	1.400000e+00	1.400000e+00	1.399750e+00	1.399750e+00	
29	1.450000e+00	1.450000e+00	1.449741e+00	1.449741e+00	
30	1.500000e+00	1.500000e+00	1.499732e+00	1.499732e+00	
31	1.550000e+00	1.550000e+00	1.549723e+00	1.549723e+00	
32	1.600000e+00	1.600000e+00	1.599714e+00	1.599714e+00	
33	1.650000e+00	1.650000e+00	1.649705e+00	1.649705e+00	
34	1.700000e+00	1.700000e+00	1.699696e+00	1.699696e+00	
35	1.750000e+00	1.750000e+00	1.749688e+00	1.749688e+00	
36	1.800000e+00	1.800000e+00	1.799679e+00	1.799679e+00	
37	1.850000e+00	1.850000e+00	1.849670e+00	1.849670e+00	
38	1.900000e+00	1.900000e+00	1.899661e+00	1.899661e+00	
39	1.950000e+00	1.950000e+00	1.949652e+00	1.949652e+00	
40	2.000000e+00	2.000000e+00	1.999643e+00	1.999643e+00	
41	2.050000e+00	2.050000e+00	2.049634e+00	2.049634e+00	
42	2.100000e+00	2.100000e+00	2.099625e+00	2.099625e+00	
43	2.150000e+00	2.150000e+00	2.149616e+00	2.149616e+00	
44	2.200000e+00	2.200000e+00	2.199607e+00	2.199607e+00	
45	2.250000e+00	2.250000e+00	2.249598e+00	2.249598e+00	
46	2.300000e+00	2.300000e+00	2.299589e+00	2.299589e+00	
47	2.350000e+00	2.350000e+00	2.349580e+00	2.349580e+00	
48	2.400000e+00	2.400000e+00	2.399572e+00	2.399572e+00	
49	2.450000e+00	2.450000e+00	2.449563e+00	2.449563e+00	
50	2.500000e+00	2.500000e+00	2.499554e+00	2.499554e+00	
51	2.550000e+00	2.550000e+00	2.549545e+00	2.549545e+00	
52	2.600000e+00	2.600000e+00	2.599536e+00	2.599536e+00	
53	2.650000e+00	2.650000e+00	2.649527e+00	2.649527e+00	
54	2.700000e+00	2.700000e+00	2.699518e+00	2.699518e+00	

Index   v-sweep         in              net-_r1-pad2_   out             
--------------------------------------------------------------------------------
55	2.750000e+00	2.750000e+00	2.749509e+00	2.749509e+00	
56	2.800000e+00	2.800000e+00	2.799500e+00	2.799500e+00	
57	2.850000e+00	2.850000e+00	2.849491e+00	2.849491e+00	
58	2.900000e+00	2.900000e+00	2.899482e+00	2.899482e+00	
59	2.950000e+00	2.950000e+00	2.949473e+00	2.949473e+00	
60	3.000000e+00	3.000000e+00	2.999464e+00	2.999464e+00	
61	3.050000e+00	3.050000e+00	3.049455e+00	3.049455e+00	
62	3.100000e+00	3.100000e+00	3.099447e+00	3.099447e+00	
63	3.150000e+00	3.150000e+00	3.149438e+00	3.149438e+00	
64	3.200000e+00	3.200000e+00	3.199429e+00	3.199429e+00	
65	3.250000e+00	3.250000e+00	3.249420e+00	3.249420e+00	
66	3.300000e+00	3.300000e+00	3.299411e+00	3.299411e+00	
67	3.350000e+00	3.350000e+00	3.349402e+00	3.349402e+00	
68	3.400000e+00	3.400000e+00	3.399393e+00	3.399393e+00	
69	3.450000e+00	3.450000e+00	3.449384e+00	3.449384e+00	
70	3.500000e+00	3.500000e+00	3.499375e+00	3.499375e+00	
71	3.550000e+00	3.550000e+00	3.549366e+00	3.549366e+00	
72	3.600000e+00	3.600000e+00	3.599357e+00	3.599357e+00	
73	3.650000e+00	3.650000e+00	3.649348e+00	3.649348e+00	
74	3.700000e+00	3.700000e+00	3.699339e+00	3.699339e+00	
75	3.750000e+00	3.750000e+00	3.749330e+00	3.749330e+00	
76	3.800000e+00	3.800000e+00	3.799322e+00	3.799322e+00	
77	3.850000e+00	3.850000e+00	3.849313e+00	3.849313e+00	
78	3.900000e+00	3.900000e+00	3.899304e+00	3.899304e+00	
79	3.950000e+00	3.950000e+00	3.949295e+00	3.949295e+00	
80	4.000000e+00	4.000000e+00	3.999286e+00	3.999286e+00	
81	4.050000e+00	4.050000e+00	4.049277e+00	4.049277e+00	
82	4.100000e+00	4.100000e+00	4.099268e+00	4.099268e+00	
83	4.150000e+00	4.150000e+00	4.149259e+00	4.149259e+00	
84	4.200000e+00	4.200000e+00	4.199250e+00	4.199250e+00	
85	4.250000e+00	4.250000e+00	4.249241e+00	4.249241e+00	
86	4.300000e+00	4.300000e+00	4.299232e+00	4.299232e+00	
87	4.350000e+00	4.350000e+00	4.349223e+00	4.349223e+00	
88	4.400000e+00	4.400000e+00	4.399214e+00	4.399214e+00	
89	4.450000e+00	4.450000e+00	4.449205e+00	4.449205e+00	
90	4.500000e+00	4.500000e+00	4.499197e+00	4.499197e+00	
91	4.550000e+00	4.550000e+00	4.549188e+00	4.549188e+00	
92	4.600000e+00	4.600000e+00	4.599179e+00	4.599179e+00	
93	4.650000e+00	4.650000e+00	4.649170e+00	4.649170e+00	
94	4.700000e+00	4.700000e+00	4.699161e+00	4.699161e+00	
95	4.750000e+00	4.750000e+00	4.749152e+00	4.749152e+00	
96	4.800000e+00	4.800000e+00	4.799143e+00	4.799143e+00	
97	4.850000e+00	4.850000e+00	4.849134e+00	4.849134e+00	
98	4.900000e+00	4.900000e+00	4.899125e+00	4.899125e+00	
99	4.950000e+00	4.950000e+00	4.949116e+00	4.949116e+00	
100	5.000000e+00	5.000000e+00	4.999107e+00	4.999107e+00	
101	5.050000e+00	5.050000e+00	5.049098e+00	5.049098e+00	
102	5.100000e+00	5.100000e+00	5.099089e+00	5.099089e+00	
103	5.150000e+00	5.150000e+00	5.149081e+00	5.149081e+00	
104	5.200000e+00	5.200000e+00	5.199072e+00	5.199072e+00	
105	5.250000e+00	5.250000e+00	5.249063e+00	5.249063e+00	
106	5.300000e+00	5.300000e+00	5.299048e+00	5.299048e+00	
107	5.350000e+00	5.350000e+00	5.348974e+00	5.348974e+00	
108	5.400000e+00	5.400000e+00	5.398206e+00	5.398206e+00	
109	5.450000e+00	5.450000e+00	5.441718e+00	5.441718e+00	
110	5.500000e+00	5.500000e+00	5.469600e+00	5.469600e+00	
111	5.550000e+00	5.550000e+00	5.485090e+00	5.485090e+00	
112	5.600000e+00	5.600000e+00	5.494945e+00	5.494945e+00	

Index   v-sweep         in              net-_r1-pad2_   out             
--------------------------------------------------------------------------------
113	5.650000e+00	5.650000e+00	5.501799e+00	5.501799e+00	
114	5.700000e+00	5.700000e+00	5.507084e+00	5.507084e+00	
115	5.750000e+00	5.750000e+00	5.511352e+00	5.511352e+00	
116	5.800000e+00	5.800000e+00	5.514919e+00	5.514919e+00	
117	5.850000e+00	5.850000e+00	5.518205e+00	5.518205e+00	
118	5.900000e+00	5.900000e+00	5.520794e+00	5.520794e+00	
119	5.950000e+00	5.950000e+00	5.523141e+00	5.523141e+00	
120	6.000000e+00	6.000000e+00	5.525248e+00	5.525248e+00	
121	6.050000e+00	6.050000e+00	5.527164e+00	5.527164e+00	
122	6.100000e+00	6.100000e+00	5.528919e+00	5.528919e+00	
123	6.150000e+00	6.150000e+00	5.530538e+00	5.530538e+00	
124	6.200000e+00	6.200000e+00	5.532039e+00	5.532039e+00	
125	6.250000e+00	6.250000e+00	5.533439e+00	5.533439e+00	
126	6.300000e+00	6.300000e+00	5.534750e+00	5.534750e+00	
127	6.350000e+00	6.350000e+00	5.535982e+00	5.535982e+00	
128	6.400000e+00	6.400000e+00	5.537145e+00	5.537145e+00	
129	6.450000e+00	6.450000e+00	5.538245e+00	5.538245e+00	
130	6.500000e+00	6.500000e+00	5.539289e+00	5.539289e+00	
131	6.550000e+00	6.550000e+00	5.540283e+00	5.540283e+00	
132	6.600000e+00	6.600000e+00	5.541231e+00	5.541231e+00	
133	6.650000e+00	6.650000e+00	5.542136e+00	5.542136e+00	
134	6.700000e+00	6.700000e+00	5.543003e+00	5.543003e+00	
135	6.750000e+00	6.750000e+00	5.543835e+00	5.543835e+00	
136	6.800000e+00	6.800000e+00	5.544634e+00	5.544634e+00	
137	6.850000e+00	6.850000e+00	5.545402e+00	5.545402e+00	
138	6.900000e+00	6.900000e+00	5.546143e+00	5.546143e+00	
139	6.950000e+00	6.950000e+00	5.546858e+00	5.546858e+00	
140	7.000000e+00	7.000000e+00	5.547548e+00	5.547548e+00	
141	7.050000e+00	7.050000e+00	5.548216e+00	5.548216e+00	
142	7.100000e+00	7.100000e+00	5.548863e+00	5.548863e+00	
143	7.150000e+00	7.150000e+00	5.549489e+00	5.549489e+00	
144	7.200000e+00	7.200000e+00	5.550097e+00	5.550097e+00	
145	7.250000e+00	7.250000e+00	5.550687e+00	5.550687e+00	
146	7.300000e+00	7.300000e+00	5.551260e+00	5.551260e+00	
147	7.350000e+00	7.350000e+00	5.551817e+00	5.551817e+00	
148	7.400000e+00	7.400000e+00	5.552360e+00	5.552360e+00	
149	7.450000e+00	7.450000e+00	5.552888e+00	5.552888e+00	
150	7.500000e+00	7.500000e+00	5.553403e+00	5.553403e+00	
151	7.550000e+00	7.550000e+00	5.553905e+00	5.553905e+00	
152	7.600000e+00	7.600000e+00	5.554395e+00	5.554395e+00	
153	7.650000e+00	7.650000e+00	5.554874e+00	5.554874e+00	
154	7.700000e+00	7.700000e+00	5.555341e+00	5.555341e+00	
155	7.750000e+00	7.750000e+00	5.555798e+00	5.555798e+00	
156	7.800000e+00	7.800000e+00	5.556244e+00	5.556244e+00	
157	7.850000e+00	7.850000e+00	5.556681e+00	5.556681e+00	
158	7.900000e+00	7.900000e+00	5.557109e+00	5.557109e+00	
159	7.950000e+00	7.950000e+00	5.557528e+00	5.557528e+00	
160	8.000000e+00	8.000000e+00	5.557938e+00	5.557938e+00	

  * /home/fossee/esim-workspace/zener_characteristic/zener_characteristic.cir
  DC transfer characteristic  Thu Mar  3 22:40:04  2016
--------------------------------------------------------------------------------
Index   v-sweep         
--------------------------------------------------------------------------------
0	0.000000e+00	
1	5.000000e-02	
2	1.000000e-01	
3	1.500000e-01	
4	2.000000e-01	
5	2.500000e-01	
6	3.000000e-01	
7	3.500000e-01	
8	4.000000e-01	
9	4.500000e-01	
10	5.000000e-01	
11	5.500000e-01	
12	6.000000e-01	
13	6.500000e-01	
14	7.000000e-01	
15	7.500000e-01	
16	8.000000e-01	
17	8.500000e-01	
18	9.000000e-01	
19	9.500000e-01	
20	1.000000e+00	
21	1.050000e+00	
22	1.100000e+00	
23	1.150000e+00	
24	1.200000e+00	
25	1.250000e+00	
26	1.300000e+00	
27	1.350000e+00	
28	1.400000e+00	
29	1.450000e+00	
30	1.500000e+00	
31	1.550000e+00	
32	1.600000e+00	
33	1.650000e+00	
34	1.700000e+00	
35	1.750000e+00	
36	1.800000e+00	
37	1.850000e+00	
38	1.900000e+00	
39	1.950000e+00	
40	2.000000e+00	
41	2.050000e+00	
42	2.100000e+00	
43	2.150000e+00	
44	2.200000e+00	
45	2.250000e+00	
46	2.300000e+00	
47	2.350000e+00	
48	2.400000e+00	
49	2.450000e+00	
50	2.500000e+00	
51	2.550000e+00	
52	2.600000e+00	
53	2.650000e+00	
54	2.700000e+00	

Index   v-sweep         
--------------------------------------------------------------------------------
55	2.750000e+00	
56	2.800000e+00	
57	2.850000e+00	
58	2.900000e+00	
59	2.950000e+00	
60	3.000000e+00	
61	3.050000e+00	
62	3.100000e+00	
63	3.150000e+00	
64	3.200000e+00	
65	3.250000e+00	
66	3.300000e+00	
67	3.350000e+00	
68	3.400000e+00	
69	3.450000e+00	
70	3.500000e+00	
71	3.550000e+00	
72	3.600000e+00	
73	3.650000e+00	
74	3.700000e+00	
75	3.750000e+00	
76	3.800000e+00	
77	3.850000e+00	
78	3.900000e+00	
79	3.950000e+00	
80	4.000000e+00	
81	4.050000e+00	
82	4.100000e+00	
83	4.150000e+00	
84	4.200000e+00	
85	4.250000e+00	
86	4.300000e+00	
87	4.350000e+00	
88	4.400000e+00	
89	4.450000e+00	
90	4.500000e+00	
91	4.550000e+00	
92	4.600000e+00	
93	4.650000e+00	
94	4.700000e+00	
95	4.750000e+00	
96	4.800000e+00	
97	4.850000e+00	
98	4.900000e+00	
99	4.950000e+00	
100	5.000000e+00	
101	5.050000e+00	
102	5.100000e+00	
103	5.150000e+00	
104	5.200000e+00	
105	5.250000e+00	
106	5.300000e+00	
107	5.350000e+00	
108	5.400000e+00	
109	5.450000e+00	
110	5.500000e+00	
111	5.550000e+00	
112	5.600000e+00	

Index   v-sweep         
--------------------------------------------------------------------------------
113	5.650000e+00	
114	5.700000e+00	
115	5.750000e+00	
116	5.800000e+00	
117	5.850000e+00	
118	5.900000e+00	
119	5.950000e+00	
120	6.000000e+00	
121	6.050000e+00	
122	6.100000e+00	
123	6.150000e+00	
124	6.200000e+00	
125	6.250000e+00	
126	6.300000e+00	
127	6.350000e+00	
128	6.400000e+00	
129	6.450000e+00	
130	6.500000e+00	
131	6.550000e+00	
132	6.600000e+00	
133	6.650000e+00	
134	6.700000e+00	
135	6.750000e+00	
136	6.800000e+00	
137	6.850000e+00	
138	6.900000e+00	
139	6.950000e+00	
140	7.000000e+00	
141	7.050000e+00	
142	7.100000e+00	
143	7.150000e+00	
144	7.200000e+00	
145	7.250000e+00	
146	7.300000e+00	
147	7.350000e+00	
148	7.400000e+00	
149	7.450000e+00	
150	7.500000e+00	
151	7.550000e+00	
152	7.600000e+00	
153	7.650000e+00	
154	7.700000e+00	
155	7.750000e+00	
156	7.800000e+00	
157	7.850000e+00	
158	7.900000e+00	
159	7.950000e+00	
160	8.000000e+00	
