         * /home/fossee/updatedexamples/bjt_cb_config/bjt_cb_config.cir
         DC transfer characteristic  Thu Mar  3 18:30:45  2016
--------------------------------------------------------------------------------
Index   i-sweep         v1#branch       v_u_ic1#branch  
--------------------------------------------------------------------------------
0	-1.00000e+00	3.881743e-04	-3.88174e-04	
1	-9.80000e-01	3.696154e-04	-3.69615e-04	
2	-9.60000e-01	3.511728e-04	-3.51173e-04	
3	-9.40000e-01	3.327683e-04	-3.32768e-04	
4	-9.20000e-01	3.144359e-04	-3.14436e-04	
5	-9.00000e-01	2.961838e-04	-2.96184e-04	
6	-8.80000e-01	2.780208e-04	-2.78021e-04	
7	-8.60000e-01	2.599575e-04	-2.59958e-04	
8	-8.40000e-01	2.420062e-04	-2.42006e-04	
9	-8.20000e-01	2.241816e-04	-2.24182e-04	
10	-8.00000e-01	2.065014e-04	-2.06501e-04	
11	-7.80000e-01	1.889869e-04	-1.88987e-04	
12	-7.60000e-01	1.716645e-04	-1.71664e-04	
13	-7.40000e-01	1.545667e-04	-1.54567e-04	
14	-7.20000e-01	1.377344e-04	-1.37734e-04	
15	-7.00000e-01	1.212199e-04	-1.21220e-04	
16	-6.80000e-01	1.050905e-04	-1.05090e-04	
17	-6.60000e-01	8.943467e-05	-8.94347e-05	
18	-6.40000e-01	7.437007e-05	-7.43701e-05	
19	-6.20000e-01	6.005465e-05	-6.00546e-05	
20	-6.00000e-01	4.670077e-05	-4.67008e-05	
21	-5.80000e-01	3.458881e-05	-3.45888e-05	
22	-5.60000e-01	2.409218e-05	-2.40922e-05	
23	-5.40000e-01	1.553639e-05	-1.55364e-05	
24	-5.20000e-01	9.190209e-06	-9.19021e-06	
25	-5.00000e-01	4.997513e-06	-4.99751e-06	
26	-4.80000e-01	2.539474e-06	-2.53947e-06	
27	-4.60000e-01	1.232389e-06	-1.23239e-06	
28	-4.40000e-01	5.838950e-07	-5.83895e-07	
29	-4.20000e-01	2.728953e-07	-2.72895e-07	
30	-4.00000e-01	1.267016e-07	-1.26702e-07	
31	-3.80000e-01	5.864369e-08	-5.86437e-08	
32	-3.60000e-01	2.710431e-08	-2.71043e-08	
33	-3.40000e-01	1.251909e-08	-1.25191e-08	
34	-3.20000e-01	5.780778e-09	-5.78078e-09	
35	-3.00000e-01	2.669092e-09	-2.66909e-09	
36	-2.80000e-01	1.232433e-09	-1.23243e-09	
37	-2.60000e-01	5.691825e-10	-5.69183e-10	
38	-2.40000e-01	2.629869e-10	-2.62987e-10	
39	-2.20000e-01	1.216203e-10	-1.21620e-10	
40	-2.00000e-01	5.634215e-11	-5.63422e-11	
41	-1.80000e-01	2.618753e-11	-2.61875e-11	
42	-1.60000e-01	1.224634e-11	-1.22463e-11	
43	-1.40000e-01	5.789426e-12	-5.78943e-12	
44	-1.20000e-01	2.787322e-12	-2.78732e-12	
45	-1.00000e-01	1.379979e-12	-1.37998e-12	
46	-8.00000e-02	7.088073e-13	-7.08807e-13	
47	-6.00000e-02	3.774516e-13	-3.77452e-13	
48	-4.00000e-02	2.029537e-13	-2.02954e-13	
49	-2.00000e-02	1.008725e-13	-1.00873e-13	
50	6.175616e-16	3.221699e-14	-3.22170e-14	
51	2.000000e-02	-2.10108e-14	2.101084e-14	
52	4.000000e-02	-6.71162e-14	6.711621e-14	
53	6.000000e-02	-1.09930e-13	1.099297e-13	
54	8.000000e-02	-1.51237e-13	1.512374e-13	

Index   i-sweep         v1#branch       v_u_ic1#branch  
--------------------------------------------------------------------------------
55	1.000000e-01	-1.91824e-13	1.918238e-13	
56	1.200000e-01	-2.32043e-13	2.320428e-13	
57	1.400000e-01	-2.72169e-13	2.721695e-13	
58	1.600000e-01	-3.12231e-13	3.122306e-13	
59	1.800000e-01	-3.52269e-13	3.522690e-13	
60	2.000000e-01	-3.92302e-13	3.923023e-13	
61	2.200000e-01	-4.32285e-13	4.322847e-13	
62	2.400000e-01	-4.72283e-13	4.722830e-13	
63	2.600000e-01	-5.12318e-13	5.123175e-13	
64	2.800000e-01	-5.52344e-13	5.523439e-13	
65	3.000000e-01	-5.92298e-13	5.922982e-13	
66	3.200000e-01	-6.32311e-13	6.323108e-13	
67	3.400000e-01	-6.72321e-13	6.723207e-13	
68	3.600000e-01	-7.12329e-13	7.123286e-13	
69	3.800000e-01	-7.52335e-13	7.523350e-13	
70	4.000000e-01	-7.92340e-13	7.923402e-13	
71	4.200000e-01	-8.32345e-13	8.323446e-13	
72	4.400000e-01	-8.72348e-13	8.723484e-13	
73	4.600000e-01	-9.12352e-13	9.123516e-13	
74	4.800000e-01	-9.52354e-13	9.523542e-13	
75	5.000000e-01	-9.92357e-13	9.923567e-13	
76	5.200000e-01	-1.03236e-12	1.032359e-12	
77	5.400000e-01	-1.07236e-12	1.072361e-12	
78	5.600000e-01	-1.11236e-12	1.112363e-12	
79	5.800000e-01	-1.15236e-12	1.152364e-12	
80	6.000000e-01	-1.19237e-12	1.192366e-12	
81	6.200000e-01	-1.23237e-12	1.232367e-12	
82	6.400000e-01	-1.27237e-12	1.272368e-12	
83	6.600000e-01	-1.31237e-12	1.312370e-12	
84	6.800000e-01	-1.35237e-12	1.352371e-12	
85	7.000000e-01	-1.39237e-12	1.392372e-12	
86	7.200000e-01	-1.43237e-12	1.432373e-12	
87	7.400000e-01	-1.47237e-12	1.472374e-12	
88	7.600000e-01	-1.51238e-12	1.512375e-12	
89	7.800000e-01	-1.55238e-12	1.552376e-12	
90	8.000000e-01	-1.59238e-12	1.592377e-12	
91	8.200000e-01	-1.63238e-12	1.632378e-12	
92	8.400000e-01	-1.67238e-12	1.672379e-12	
93	8.600000e-01	-1.71238e-12	1.712379e-12	
94	8.800000e-01	-1.75238e-12	1.752380e-12	
95	9.000000e-01	-1.79238e-12	1.792381e-12	
96	9.200000e-01	-1.83238e-12	1.832382e-12	
97	9.400000e-01	-1.87238e-12	1.872383e-12	
98	9.600000e-01	-1.91238e-12	1.912383e-12	
99	9.800000e-01	-1.95238e-12	1.952384e-12	
100	1.000000e+00	-1.99238e-12	1.992385e-12	
101	1.020000e+00	-2.03239e-12	2.032385e-12	
102	1.040000e+00	-2.07239e-12	2.072387e-12	
103	1.060000e+00	-2.11239e-12	2.112387e-12	
104	1.080000e+00	-2.15239e-12	2.152388e-12	
105	1.100000e+00	-2.19239e-12	2.192389e-12	
106	1.120000e+00	-2.23239e-12	2.232389e-12	
107	1.140000e+00	-2.27239e-12	2.272390e-12	
108	1.160000e+00	-2.31239e-12	2.312391e-12	
109	1.180000e+00	-2.35239e-12	2.352392e-12	
110	1.200000e+00	-2.39239e-12	2.392392e-12	
111	1.220000e+00	-2.43239e-12	2.432393e-12	
112	1.240000e+00	-2.47239e-12	2.472394e-12	

Index   i-sweep         v1#branch       v_u_ic1#branch  
--------------------------------------------------------------------------------
113	1.260000e+00	-2.51239e-12	2.512394e-12	
114	1.280000e+00	-2.55239e-12	2.552395e-12	
115	1.300000e+00	-2.59240e-12	2.592395e-12	
116	1.320000e+00	-2.63240e-12	2.632396e-12	
117	1.340000e+00	-2.67240e-12	2.672397e-12	
118	1.360000e+00	-2.71240e-12	2.712398e-12	
119	1.380000e+00	-2.75240e-12	2.752399e-12	
120	1.400000e+00	-2.79240e-12	2.792399e-12	
121	1.420000e+00	-2.83240e-12	2.832400e-12	
122	1.440000e+00	-2.87240e-12	2.872400e-12	
123	1.460000e+00	-2.91240e-12	2.912401e-12	
124	1.480000e+00	-2.95240e-12	2.952401e-12	
125	1.500000e+00	-2.99240e-12	2.992403e-12	
126	1.520000e+00	-3.03240e-12	3.032403e-12	
127	1.540000e+00	-3.07240e-12	3.072403e-12	
128	1.560000e+00	-3.11240e-12	3.112404e-12	
129	1.580000e+00	-3.15241e-12	3.152405e-12	
130	1.600000e+00	-3.19241e-12	3.192406e-12	
131	1.620000e+00	-3.23241e-12	3.232406e-12	
132	1.640000e+00	-3.27241e-12	3.272407e-12	
133	1.660000e+00	-3.31241e-12	3.312408e-12	
134	1.680000e+00	-3.35241e-12	3.352408e-12	
135	1.700000e+00	-3.39241e-12	3.392409e-12	
136	1.720000e+00	-3.43241e-12	3.432410e-12	
137	1.740000e+00	-3.47241e-12	3.472410e-12	
138	1.760000e+00	-3.51241e-12	3.512411e-12	
139	1.780000e+00	-3.55241e-12	3.552411e-12	
140	1.800000e+00	-3.59241e-12	3.592412e-12	
141	1.820000e+00	-3.63241e-12	3.632413e-12	
142	1.840000e+00	-3.67241e-12	3.672414e-12	
143	1.860000e+00	-3.71241e-12	3.712414e-12	
144	1.880000e+00	-3.75241e-12	3.752415e-12	
145	1.900000e+00	-3.79242e-12	3.792415e-12	
146	1.920000e+00	-3.83242e-12	3.832416e-12	
147	1.940000e+00	-3.87242e-12	3.872417e-12	
148	1.960000e+00	-3.91242e-12	3.912417e-12	
149	1.980000e+00	-3.95242e-12	3.952418e-12	
150	2.000000e+00	-3.99242e-12	3.992419e-12	
151	2.020000e+00	-4.03242e-12	4.032419e-12	
152	2.040000e+00	-4.07242e-12	4.072420e-12	
153	2.060000e+00	-4.11242e-12	4.112420e-12	
154	2.080000e+00	-4.15242e-12	4.152421e-12	
155	2.100000e+00	-4.19242e-12	4.192422e-12	
156	2.120000e+00	-4.23242e-12	4.232423e-12	
157	2.140000e+00	-4.27242e-12	4.272423e-12	
158	2.160000e+00	-4.31242e-12	4.312424e-12	
159	2.180000e+00	-4.35242e-12	4.352424e-12	
160	2.200000e+00	-4.39242e-12	4.392425e-12	
161	2.220000e+00	-4.43243e-12	4.432426e-12	
162	2.240000e+00	-4.47243e-12	4.472426e-12	
163	2.260000e+00	-4.51243e-12	4.512428e-12	
164	2.280000e+00	-4.55243e-12	4.552427e-12	
165	2.300000e+00	-4.59243e-12	4.592428e-12	
166	2.320000e+00	-4.63243e-12	4.632429e-12	
167	2.340000e+00	-4.67243e-12	4.672430e-12	
168	2.360000e+00	-4.71243e-12	4.712430e-12	
169	2.380000e+00	-4.75243e-12	4.752431e-12	
170	2.400000e+00	-4.79243e-12	4.792432e-12	

Index   i-sweep         v1#branch       v_u_ic1#branch  
--------------------------------------------------------------------------------
171	2.420000e+00	-4.83243e-12	4.832432e-12	
172	2.440000e+00	-4.87243e-12	4.872433e-12	
173	2.460000e+00	-4.91243e-12	4.912433e-12	
174	2.480000e+00	-4.95243e-12	4.952434e-12	
175	2.500000e+00	-4.99244e-12	4.992435e-12	
176	2.520000e+00	-5.03244e-12	5.032436e-12	
177	2.540000e+00	-5.07244e-12	5.072437e-12	
178	2.560000e+00	-5.11244e-12	5.112437e-12	
179	2.580000e+00	-5.15244e-12	5.152438e-12	
180	2.600000e+00	-5.19244e-12	5.192438e-12	
181	2.620000e+00	-5.23244e-12	5.232439e-12	
182	2.640000e+00	-5.27244e-12	5.272440e-12	
183	2.660000e+00	-5.31244e-12	5.312441e-12	
184	2.680000e+00	-5.35244e-12	5.352441e-12	
185	2.700000e+00	-5.39244e-12	5.392442e-12	
186	2.720000e+00	-5.43244e-12	5.432443e-12	
187	2.740000e+00	-5.47244e-12	5.472443e-12	
188	2.760000e+00	-5.51244e-12	5.512443e-12	
189	2.780000e+00	-5.55244e-12	5.552444e-12	
190	2.800000e+00	-5.59245e-12	5.592445e-12	
191	2.820000e+00	-5.63245e-12	5.632445e-12	
192	2.840000e+00	-5.67245e-12	5.672446e-12	
193	2.860000e+00	-5.71245e-12	5.712447e-12	
194	2.880000e+00	-5.75245e-12	5.752448e-12	
195	2.900000e+00	-5.79245e-12	5.792449e-12	
196	2.920000e+00	-5.83245e-12	5.832449e-12	
197	2.940000e+00	-5.87245e-12	5.872450e-12	
198	2.960000e+00	-5.91245e-12	5.912450e-12	
199	2.980000e+00	-5.95245e-12	5.952451e-12	
200	3.000000e+00	-5.99245e-12	5.992452e-12	
201	3.020000e+00	-6.03245e-12	6.032452e-12	
202	3.040000e+00	-6.07245e-12	6.072453e-12	
203	3.060000e+00	-6.11245e-12	6.112453e-12	
204	3.080000e+00	-6.15245e-12	6.152454e-12	
205	3.100000e+00	-6.19245e-12	6.192454e-12	
206	3.120000e+00	-6.23246e-12	6.232456e-12	
207	3.140000e+00	-6.27246e-12	6.272456e-12	
208	3.160000e+00	-6.31246e-12	6.312457e-12	
209	3.180000e+00	-6.35246e-12	6.352458e-12	
210	3.200000e+00	-6.39246e-12	6.392458e-12	
211	3.220000e+00	-6.43246e-12	6.432459e-12	
212	3.240000e+00	-6.47246e-12	6.472459e-12	
213	3.260000e+00	-6.51246e-12	6.512460e-12	
214	3.280000e+00	-6.55246e-12	6.552461e-12	
215	3.300000e+00	-6.59246e-12	6.592461e-12	
216	3.320000e+00	-6.63246e-12	6.632462e-12	
217	3.340000e+00	-6.67246e-12	6.672462e-12	
218	3.360000e+00	-6.71246e-12	6.712463e-12	
219	3.380000e+00	-6.75246e-12	6.752464e-12	
220	3.400000e+00	-6.79246e-12	6.792465e-12	
221	3.420000e+00	-6.83247e-12	6.832465e-12	
222	3.440000e+00	-6.87247e-12	6.872466e-12	
223	3.460000e+00	-6.91247e-12	6.912466e-12	
224	3.480000e+00	-6.95247e-12	6.952467e-12	
225	3.500000e+00	-6.99247e-12	6.992468e-12	
226	3.520000e+00	-7.03247e-12	7.032469e-12	
227	3.540000e+00	-7.07247e-12	7.072469e-12	
228	3.560000e+00	-7.11247e-12	7.112470e-12	

Index   i-sweep         v1#branch       v_u_ic1#branch  
--------------------------------------------------------------------------------
229	3.580000e+00	-7.15247e-12	7.152471e-12	
230	3.600000e+00	-7.19247e-12	7.192471e-12	
231	3.620000e+00	-7.23247e-12	7.232472e-12	
232	3.640000e+00	-7.27247e-12	7.272473e-12	
233	3.660000e+00	-7.31247e-12	7.312473e-12	
234	3.680000e+00	-7.35247e-12	7.352474e-12	
235	3.700000e+00	-7.39247e-12	7.392474e-12	
236	3.720000e+00	-7.43248e-12	7.432475e-12	
237	3.740000e+00	-7.47248e-12	7.472475e-12	
238	3.760000e+00	-7.51248e-12	7.512476e-12	
239	3.780000e+00	-7.55248e-12	7.552477e-12	
240	3.800000e+00	-7.59248e-12	7.592478e-12	
241	3.820000e+00	-7.63248e-12	7.632479e-12	
242	3.840000e+00	-7.67248e-12	7.672479e-12	
243	3.860000e+00	-7.71248e-12	7.712480e-12	
244	3.880000e+00	-7.75248e-12	7.752480e-12	
245	3.900000e+00	-7.79248e-12	7.792481e-12	
246	3.920000e+00	-7.83248e-12	7.832481e-12	
247	3.940000e+00	-7.87248e-12	7.872482e-12	
248	3.960000e+00	-7.91248e-12	7.912483e-12	
249	3.980000e+00	-7.95248e-12	7.952483e-12	
250	4.000000e+00	-7.99248e-12	7.992484e-12	
251	4.020000e+00	-8.03249e-12	8.032485e-12	
252	4.040000e+00	-8.07249e-12	8.072486e-12	
253	4.060000e+00	-8.11249e-12	8.112487e-12	
254	4.080000e+00	-8.15249e-12	8.152486e-12	
255	4.100000e+00	-8.19249e-12	8.192487e-12	
256	4.120000e+00	-8.23249e-12	8.232488e-12	
257	4.140000e+00	-8.27249e-12	8.272489e-12	
258	4.160000e+00	-8.31249e-12	8.312490e-12	
259	4.180000e+00	-8.35249e-12	8.352490e-12	
260	4.200000e+00	-8.39249e-12	8.392492e-12	
261	4.220000e+00	-8.43249e-12	8.432492e-12	
262	4.240000e+00	-8.47249e-12	8.472492e-12	
263	4.260000e+00	-8.51249e-12	8.512494e-12	
264	4.280000e+00	-8.55249e-12	8.552494e-12	
265	4.300000e+00	-8.59249e-12	8.592495e-12	
266	4.320000e+00	-8.63249e-12	8.632495e-12	
267	4.340000e+00	-8.67250e-12	8.672496e-12	
268	4.360000e+00	-8.71250e-12	8.712495e-12	
269	4.380000e+00	-8.75250e-12	8.752498e-12	
270	4.400000e+00	-8.79250e-12	8.792498e-12	
271	4.420000e+00	-8.83250e-12	8.832498e-12	
272	4.440000e+00	-8.87250e-12	8.872499e-12	
273	4.460000e+00	-8.91250e-12	8.912499e-12	
274	4.480000e+00	-8.95250e-12	8.952501e-12	
275	4.500000e+00	-8.99250e-12	8.992501e-12	
276	4.520000e+00	-9.03250e-12	9.032502e-12	
277	4.540000e+00	-9.07250e-12	9.072501e-12	
278	4.560000e+00	-9.11250e-12	9.112502e-12	
279	4.580000e+00	-9.15250e-12	9.152503e-12	
280	4.600000e+00	-9.19250e-12	9.192504e-12	
281	4.620000e+00	-9.23251e-12	9.232505e-12	
282	4.640000e+00	-9.27250e-12	9.272505e-12	
283	4.660000e+00	-9.31251e-12	9.312506e-12	
284	4.680000e+00	-9.35251e-12	9.352507e-12	
285	4.700000e+00	-9.39251e-12	9.392507e-12	
286	4.720000e+00	-9.43251e-12	9.432509e-12	

Index   i-sweep         v1#branch       v_u_ic1#branch  
--------------------------------------------------------------------------------
287	4.740000e+00	-9.47251e-12	9.472509e-12	
288	4.760000e+00	-9.51251e-12	9.512510e-12	
289	4.780000e+00	-9.55251e-12	9.552509e-12	
290	4.800000e+00	-9.59251e-12	9.592511e-12	
291	4.820000e+00	-9.63251e-12	9.632511e-12	
292	4.840000e+00	-9.67251e-12	9.672513e-12	
293	4.860000e+00	-9.71251e-12	9.712513e-12	
294	4.880000e+00	-9.75251e-12	9.752513e-12	
295	4.900000e+00	-9.79251e-12	9.792514e-12	
296	4.920000e+00	-9.83251e-12	9.832513e-12	
297	4.940000e+00	-9.87252e-12	9.872516e-12	
298	4.960000e+00	-9.91252e-12	9.912516e-12	
299	4.980000e+00	-9.95252e-12	9.952517e-12	
300	5.000000e+00	-9.99252e-12	9.992516e-12	
301	-1.00000e+00	3.330238e-04	-3.33024e-04	
302	-9.80000e-01	3.146571e-04	-3.14657e-04	
303	-9.60000e-01	2.964453e-04	-2.96445e-04	
304	-9.40000e-01	2.782861e-04	-2.78286e-04	
305	-9.20000e-01	2.602261e-04	-2.60226e-04	
306	-9.00000e-01	2.422785e-04	-2.42278e-04	
307	-8.80000e-01	2.244576e-04	-2.24458e-04	
308	-8.60000e-01	2.067813e-04	-2.06781e-04	
309	-8.40000e-01	1.892710e-04	-1.89271e-04	
310	-8.20000e-01	1.719528e-04	-1.71953e-04	
311	-8.00000e-01	1.548593e-04	-1.54859e-04	
312	-7.80000e-01	1.380314e-04	-1.38031e-04	
313	-7.60000e-01	1.215211e-04	-1.21521e-04	
314	-7.40000e-01	1.053955e-04	-1.05396e-04	
315	-7.20000e-01	8.974293e-05	-8.97429e-05	
316	-7.00000e-01	7.468025e-05	-7.46802e-05	
317	-6.80000e-01	6.036447e-05	-6.03645e-05	
318	-6.60000e-01	4.700631e-05	-4.70063e-05	
319	-6.40000e-01	3.488359e-05	-3.48836e-05	
320	-6.20000e-01	2.436584e-05	-2.43658e-05	
321	-6.00000e-01	1.577589e-05	-1.57759e-05	
322	-5.80000e-01	9.382586e-06	-9.38259e-06	
323	-5.60000e-01	5.136982e-06	-5.13698e-06	
324	-5.40000e-01	2.631263e-06	-2.63126e-06	
325	-5.20000e-01	1.288548e-06	-1.28855e-06	
326	-5.00000e-01	6.168081e-07	-6.16808e-07	
327	-4.80000e-01	2.917090e-07	-2.91709e-07	
328	-4.60000e-01	1.373130e-07	-1.37313e-07	
329	-4.40000e-01	6.458563e-08	-6.45856e-08	
330	-4.20000e-01	3.041752e-08	-3.04175e-08	
331	-4.00000e-01	1.436141e-08	-1.43614e-08	
332	-3.80000e-01	6.803100e-09	-6.80310e-09	
333	-3.60000e-01	3.235417e-09	-3.23542e-09	
334	-3.40000e-01	1.545679e-09	-1.54568e-09	
335	-3.20000e-01	7.422087e-10	-7.42209e-10	
336	-3.00000e-01	3.584486e-10	-3.58449e-10	
337	-2.80000e-01	1.742437e-10	-1.74244e-10	
338	-2.60000e-01	8.534379e-11	-8.53438e-11	
339	-2.40000e-01	4.218431e-11	-4.21843e-11	
340	-2.20000e-01	2.109402e-11	-2.10940e-11	
341	-2.00000e-01	1.071204e-11	-1.07120e-11	
342	-1.80000e-01	5.556403e-12	-5.55640e-12	
343	-1.60000e-01	2.966792e-12	-2.96679e-12	
344	-1.40000e-01	1.644619e-12	-1.64462e-12	

Index   i-sweep         v1#branch       v_u_ic1#branch  
--------------------------------------------------------------------------------
345	-1.20000e-01	9.521030e-13	-9.52103e-13	
346	-1.00000e-01	5.743024e-13	-5.74302e-13	
347	-8.00000e-02	3.549636e-13	-3.54964e-13	
348	-6.00000e-02	2.170127e-13	-2.17013e-13	
349	-4.00000e-02	1.230393e-13	-1.23039e-13	
350	-2.00000e-02	5.437944e-14	-5.43794e-14	
351	6.175616e-16	4.593906e-19	-4.59391e-19	
352	2.000000e-02	-4.69200e-14	4.692002e-14	
353	4.000000e-02	-9.01806e-14	9.018058e-14	
354	6.000000e-02	-1.31692e-13	1.316924e-13	
355	8.000000e-02	-1.72389e-13	1.723887e-13	
356	1.000000e-01	-2.12698e-13	2.126983e-13	
357	1.200000e-01	-2.52836e-13	2.528360e-13	
358	1.400000e-01	-2.92895e-13	2.928946e-13	
359	1.600000e-01	-3.32921e-13	3.329210e-13	
360	1.800000e-01	-3.72944e-13	3.729439e-13	
361	2.000000e-01	-4.12990e-13	4.129903e-13	
362	2.200000e-01	-4.52956e-13	4.529562e-13	
363	2.400000e-01	-4.92997e-13	4.929969e-13	
364	2.600000e-01	-5.32971e-13	5.329709e-13	
365	2.800000e-01	-5.72992e-13	5.729920e-13	
366	3.000000e-01	-6.13009e-13	6.130090e-13	
367	3.200000e-01	-6.53023e-13	6.530231e-13	
368	3.400000e-01	-6.93035e-13	6.930351e-13	
369	3.600000e-01	-7.33045e-13	7.330454e-13	
370	3.800000e-01	-7.72970e-13	7.729702e-13	
371	4.000000e-01	-8.12974e-13	8.129739e-13	
372	4.200000e-01	-8.52977e-13	8.529771e-13	
373	4.400000e-01	-8.92980e-13	8.929798e-13	
374	4.600000e-01	-9.32982e-13	9.329818e-13	
375	4.800000e-01	-9.72984e-13	9.729836e-13	
376	5.000000e-01	-1.01299e-12	1.012985e-12	
377	5.200000e-01	-1.05299e-12	1.052986e-12	
378	5.400000e-01	-1.09299e-12	1.092988e-12	
379	5.600000e-01	-1.13299e-12	1.132988e-12	
380	5.800000e-01	-1.17299e-12	1.172989e-12	
381	6.000000e-01	-1.21299e-12	1.212990e-12	
382	6.200000e-01	-1.25299e-12	1.252991e-12	
383	6.400000e-01	-1.29299e-12	1.292991e-12	
384	6.600000e-01	-1.33299e-12	1.332992e-12	
385	6.800000e-01	-1.37299e-12	1.372992e-12	
386	7.000000e-01	-1.41299e-12	1.412992e-12	
387	7.200000e-01	-1.45299e-12	1.452993e-12	
388	7.400000e-01	-1.49299e-12	1.492993e-12	
389	7.600000e-01	-1.53299e-12	1.532993e-12	
390	7.800000e-01	-1.57299e-12	1.572994e-12	
391	8.000000e-01	-1.61299e-12	1.612994e-12	
392	8.200000e-01	-1.65299e-12	1.652994e-12	
393	8.400000e-01	-1.69299e-12	1.692994e-12	
394	8.600000e-01	-1.73299e-12	1.732994e-12	
395	8.800000e-01	-1.77299e-12	1.772995e-12	
396	9.000000e-01	-1.81299e-12	1.812995e-12	
397	9.200000e-01	-1.85299e-12	1.852995e-12	
398	9.400000e-01	-1.89299e-12	1.892995e-12	
399	9.600000e-01	-1.93299e-12	1.932995e-12	
400	9.800000e-01	-1.97299e-12	1.972994e-12	
401	1.000000e+00	-2.01299e-12	2.012995e-12	
402	1.020000e+00	-2.05299e-12	2.052995e-12	

Index   i-sweep         v1#branch       v_u_ic1#branch  
--------------------------------------------------------------------------------
403	1.040000e+00	-2.09300e-12	2.092995e-12	
404	1.060000e+00	-2.13299e-12	2.132995e-12	
405	1.080000e+00	-2.17300e-12	2.172995e-12	
406	1.100000e+00	-2.21300e-12	2.212995e-12	
407	1.120000e+00	-2.25300e-12	2.252996e-12	
408	1.140000e+00	-2.29300e-12	2.292995e-12	
409	1.160000e+00	-2.33300e-12	2.332995e-12	
410	1.180000e+00	-2.37300e-12	2.372995e-12	
411	1.200000e+00	-2.41300e-12	2.412996e-12	
412	1.220000e+00	-2.45300e-12	2.452995e-12	
413	1.240000e+00	-2.49300e-12	2.492995e-12	
414	1.260000e+00	-2.53300e-12	2.532996e-12	
415	1.280000e+00	-2.57300e-12	2.572996e-12	
416	1.300000e+00	-2.61300e-12	2.612995e-12	
417	1.320000e+00	-2.65300e-12	2.652995e-12	
418	1.340000e+00	-2.69300e-12	2.692996e-12	
419	1.360000e+00	-2.73300e-12	2.732996e-12	
420	1.380000e+00	-2.77300e-12	2.772996e-12	
421	1.400000e+00	-2.81300e-12	2.812996e-12	
422	1.420000e+00	-2.85300e-12	2.852995e-12	
423	1.440000e+00	-2.89300e-12	2.892996e-12	
424	1.460000e+00	-2.93300e-12	2.932996e-12	
425	1.480000e+00	-2.97300e-12	2.972996e-12	
426	1.500000e+00	-3.01300e-12	3.012996e-12	
427	1.520000e+00	-3.05300e-12	3.052996e-12	
428	1.540000e+00	-3.09300e-12	3.092996e-12	
429	1.560000e+00	-3.13300e-12	3.132996e-12	
430	1.580000e+00	-3.17300e-12	3.172996e-12	
431	1.600000e+00	-3.21300e-12	3.212996e-12	
432	1.620000e+00	-3.25300e-12	3.252995e-12	
433	1.640000e+00	-3.29300e-12	3.292996e-12	
434	1.660000e+00	-3.33300e-12	3.332996e-12	
435	1.680000e+00	-3.37300e-12	3.372996e-12	
436	1.700000e+00	-3.41300e-12	3.412996e-12	
437	1.720000e+00	-3.45300e-12	3.452995e-12	
438	1.740000e+00	-3.49300e-12	3.492996e-12	
439	1.760000e+00	-3.53300e-12	3.532996e-12	
440	1.780000e+00	-3.57300e-12	3.572995e-12	
441	1.800000e+00	-3.61300e-12	3.612996e-12	
442	1.820000e+00	-3.65300e-12	3.652996e-12	
443	1.840000e+00	-3.69300e-12	3.692996e-12	
444	1.860000e+00	-3.73300e-12	3.732996e-12	
445	1.880000e+00	-3.77300e-12	3.772996e-12	
446	1.900000e+00	-3.81300e-12	3.812996e-12	
447	1.920000e+00	-3.85299e-12	3.852995e-12	
448	1.940000e+00	-3.89300e-12	3.892995e-12	
449	1.960000e+00	-3.93299e-12	3.932995e-12	
450	1.980000e+00	-3.97300e-12	3.972995e-12	
451	2.000000e+00	-4.01300e-12	4.012995e-12	
452	2.020000e+00	-4.05300e-12	4.052995e-12	
453	2.040000e+00	-4.09300e-12	4.092995e-12	
454	2.060000e+00	-4.13299e-12	4.132995e-12	
455	2.080000e+00	-4.17300e-12	4.172995e-12	
456	2.100000e+00	-4.21299e-12	4.212995e-12	
457	2.120000e+00	-4.25300e-12	4.252995e-12	
458	2.140000e+00	-4.29300e-12	4.292995e-12	
459	2.160000e+00	-4.33299e-12	4.332995e-12	
460	2.180000e+00	-4.37300e-12	4.372995e-12	

Index   i-sweep         v1#branch       v_u_ic1#branch  
--------------------------------------------------------------------------------
461	2.200000e+00	-4.41300e-12	4.412996e-12	
462	2.220000e+00	-4.45300e-12	4.452995e-12	
463	2.240000e+00	-4.49300e-12	4.492996e-12	
464	2.260000e+00	-4.53300e-12	4.532995e-12	
465	2.280000e+00	-4.57300e-12	4.572995e-12	
466	2.300000e+00	-4.61299e-12	4.612995e-12	
467	2.320000e+00	-4.65300e-12	4.652995e-12	
468	2.340000e+00	-4.69300e-12	4.692996e-12	
469	2.360000e+00	-4.73299e-12	4.732995e-12	
470	2.380000e+00	-4.77299e-12	4.772995e-12	
471	2.400000e+00	-4.81300e-12	4.812995e-12	
472	2.420000e+00	-4.85300e-12	4.852995e-12	
473	2.440000e+00	-4.89300e-12	4.892995e-12	
474	2.460000e+00	-4.93299e-12	4.932995e-12	
475	2.480000e+00	-4.97300e-12	4.972995e-12	
476	2.500000e+00	-5.01299e-12	5.012994e-12	
477	2.520000e+00	-5.05300e-12	5.052995e-12	
478	2.540000e+00	-5.09300e-12	5.092995e-12	
479	2.560000e+00	-5.13300e-12	5.132996e-12	
480	2.580000e+00	-5.17300e-12	5.172995e-12	
481	2.600000e+00	-5.21299e-12	5.212995e-12	
482	2.620000e+00	-5.25300e-12	5.252996e-12	
483	2.640000e+00	-5.29300e-12	5.292995e-12	
484	2.660000e+00	-5.33300e-12	5.332995e-12	
485	2.680000e+00	-5.37300e-12	5.372996e-12	
486	2.700000e+00	-5.41300e-12	5.412995e-12	
487	2.720000e+00	-5.45300e-12	5.452996e-12	
488	2.740000e+00	-5.49300e-12	5.492995e-12	
489	2.760000e+00	-5.53300e-12	5.532996e-12	
490	2.780000e+00	-5.57300e-12	5.572995e-12	
491	2.800000e+00	-5.61300e-12	5.612995e-12	
492	2.820000e+00	-5.65299e-12	5.652995e-12	
493	2.840000e+00	-5.69300e-12	5.692996e-12	
494	2.860000e+00	-5.73300e-12	5.732996e-12	
495	2.880000e+00	-5.77299e-12	5.772995e-12	
496	2.900000e+00	-5.81300e-12	5.812995e-12	
497	2.920000e+00	-5.85299e-12	5.852995e-12	
498	2.940000e+00	-5.89299e-12	5.892995e-12	
499	2.960000e+00	-5.93299e-12	5.932995e-12	
500	2.980000e+00	-5.97300e-12	5.972996e-12	
501	3.000000e+00	-6.01299e-12	6.012995e-12	
502	3.020000e+00	-6.05300e-12	6.052995e-12	
503	3.040000e+00	-6.09300e-12	6.092995e-12	
504	3.060000e+00	-6.13300e-12	6.132995e-12	
505	3.080000e+00	-6.17300e-12	6.172995e-12	
506	3.100000e+00	-6.21299e-12	6.212995e-12	
507	3.120000e+00	-6.25300e-12	6.252996e-12	
508	3.140000e+00	-6.29300e-12	6.292995e-12	
509	3.160000e+00	-6.33300e-12	6.332995e-12	
510	3.180000e+00	-6.37300e-12	6.372996e-12	
511	3.200000e+00	-6.41300e-12	6.412995e-12	
512	3.220000e+00	-6.45300e-12	6.452995e-12	
513	3.240000e+00	-6.49299e-12	6.492995e-12	
514	3.260000e+00	-6.53300e-12	6.532995e-12	
515	3.280000e+00	-6.57300e-12	6.572995e-12	
516	3.300000e+00	-6.61300e-12	6.612995e-12	
517	3.320000e+00	-6.65299e-12	6.652995e-12	
518	3.340000e+00	-6.69300e-12	6.692995e-12	

Index   i-sweep         v1#branch       v_u_ic1#branch  
--------------------------------------------------------------------------------
519	3.360000e+00	-6.73300e-12	6.732995e-12	
520	3.380000e+00	-6.77299e-12	6.772995e-12	
521	3.400000e+00	-6.81299e-12	6.812995e-12	
522	3.420000e+00	-6.85299e-12	6.852995e-12	
523	3.440000e+00	-6.89299e-12	6.892994e-12	
524	3.460000e+00	-6.93299e-12	6.932995e-12	
525	3.480000e+00	-6.97300e-12	6.972995e-12	
526	3.500000e+00	-7.01299e-12	7.012995e-12	
527	3.520000e+00	-7.05300e-12	7.052995e-12	
528	3.540000e+00	-7.09300e-12	7.092995e-12	
529	3.560000e+00	-7.13299e-12	7.132995e-12	
530	3.580000e+00	-7.17300e-12	7.172996e-12	
531	3.600000e+00	-7.21299e-12	7.212995e-12	
532	3.620000e+00	-7.25300e-12	7.252996e-12	
533	3.640000e+00	-7.29300e-12	7.292995e-12	
534	3.660000e+00	-7.33300e-12	7.332995e-12	
535	3.680000e+00	-7.37300e-12	7.372996e-12	
536	3.700000e+00	-7.41300e-12	7.412995e-12	
537	3.720000e+00	-7.45299e-12	7.452995e-12	
538	3.740000e+00	-7.49300e-12	7.492995e-12	
539	3.760000e+00	-7.53300e-12	7.532995e-12	
540	3.780000e+00	-7.57300e-12	7.572995e-12	
541	3.800000e+00	-7.61300e-12	7.612995e-12	
542	3.820000e+00	-7.65299e-12	7.652995e-12	
543	3.840000e+00	-7.69299e-12	7.692995e-12	
544	3.860000e+00	-7.73299e-12	7.732995e-12	
545	3.880000e+00	-7.77299e-12	7.772995e-12	
546	3.900000e+00	-7.81300e-12	7.812995e-12	
547	3.920000e+00	-7.85300e-12	7.852995e-12	
548	3.940000e+00	-7.89299e-12	7.892994e-12	
549	3.960000e+00	-7.93299e-12	7.932995e-12	
550	3.980000e+00	-7.97300e-12	7.972996e-12	
551	4.000000e+00	-8.01299e-12	8.012995e-12	
552	4.020000e+00	-8.05299e-12	8.052995e-12	
553	4.040000e+00	-8.09300e-12	8.092995e-12	
554	4.060000e+00	-8.13300e-12	8.132996e-12	
555	4.080000e+00	-8.17299e-12	8.172994e-12	
556	4.100000e+00	-8.21299e-12	8.212995e-12	
557	4.120000e+00	-8.25299e-12	8.252995e-12	
558	4.140000e+00	-8.29299e-12	8.292995e-12	
559	4.160000e+00	-8.33300e-12	8.332996e-12	
560	4.180000e+00	-8.37300e-12	8.372995e-12	
561	4.200000e+00	-8.41300e-12	8.412995e-12	
562	4.220000e+00	-8.45300e-12	8.452995e-12	
563	4.240000e+00	-8.49300e-12	8.492995e-12	
564	4.260000e+00	-8.53299e-12	8.532995e-12	
565	4.280000e+00	-8.57299e-12	8.572995e-12	
566	4.300000e+00	-8.61300e-12	8.612996e-12	
567	4.320000e+00	-8.65299e-12	8.652995e-12	
568	4.340000e+00	-8.69300e-12	8.692996e-12	
569	4.360000e+00	-8.73299e-12	8.732993e-12	
570	4.380000e+00	-8.77300e-12	8.772996e-12	
571	4.400000e+00	-8.81300e-12	8.812995e-12	
572	4.420000e+00	-8.85300e-12	8.852996e-12	
573	4.440000e+00	-8.89300e-12	8.892996e-12	
574	4.460000e+00	-8.93299e-12	8.932995e-12	
575	4.480000e+00	-8.97300e-12	8.972995e-12	
576	4.500000e+00	-9.01300e-12	9.012995e-12	

Index   i-sweep         v1#branch       v_u_ic1#branch  
--------------------------------------------------------------------------------
577	4.520000e+00	-9.05300e-12	9.052996e-12	
578	4.540000e+00	-9.09300e-12	9.092995e-12	
579	4.560000e+00	-9.13299e-12	9.132995e-12	
580	4.580000e+00	-9.17299e-12	9.172995e-12	
581	4.600000e+00	-9.21299e-12	9.212995e-12	
582	4.620000e+00	-9.25300e-12	9.252997e-12	
583	4.640000e+00	-9.29300e-12	9.292995e-12	
584	4.660000e+00	-9.33300e-12	9.332996e-12	
585	4.680000e+00	-9.37299e-12	9.372995e-12	
586	4.700000e+00	-9.41299e-12	9.412994e-12	
587	4.720000e+00	-9.45300e-12	9.452996e-12	
588	4.740000e+00	-9.49299e-12	9.492994e-12	
589	4.760000e+00	-9.53300e-12	9.532995e-12	
590	4.780000e+00	-9.57299e-12	9.572994e-12	
591	4.800000e+00	-9.61299e-12	9.612994e-12	
592	4.820000e+00	-9.65299e-12	9.652994e-12	
593	4.840000e+00	-9.69299e-12	9.692995e-12	
594	4.860000e+00	-9.73299e-12	9.732995e-12	
595	4.880000e+00	-9.77299e-12	9.772995e-12	
596	4.900000e+00	-9.81300e-12	9.812996e-12	
597	4.920000e+00	-9.85299e-12	9.852993e-12	
598	4.940000e+00	-9.89299e-12	9.892994e-12	
599	4.960000e+00	-9.93300e-12	9.932995e-12	
600	4.980000e+00	-9.97300e-12	9.972996e-12	
601	5.000000e+00	-1.00130e-11	1.001299e-11	
602	-1.00000e+00	2.884980e-04	-2.88498e-04	
603	-9.80000e-01	2.691031e-04	-2.69103e-04	
604	-9.60000e-01	2.497197e-04	-2.49720e-04	
605	-9.40000e-01	2.303395e-04	-2.30339e-04	
606	-9.20000e-01	2.109656e-04	-2.10966e-04	
607	-9.00000e-01	1.915981e-04	-1.91598e-04	
608	-8.80000e-01	1.722373e-04	-1.72237e-04	
609	-8.60000e-01	1.528834e-04	-1.52883e-04	
610	-8.40000e-01	1.335367e-04	-1.33537e-04	
611	-8.20000e-01	1.141973e-04	-1.14197e-04	
612	-8.00000e-01	9.486554e-05	-9.48655e-05	
613	-7.80000e-01	7.554165e-05	-7.55417e-05	
614	-7.60000e-01	5.622591e-05	-5.62259e-05	
615	-7.40000e-01	3.691862e-05	-3.69186e-05	
616	-7.20000e-01	1.762009e-05	-1.76201e-05	
617	-7.00000e-01	-1.66937e-06	1.669371e-06	
618	-6.80000e-01	-2.09494e-05	2.094941e-05	
619	-6.60000e-01	-4.02197e-05	4.021966e-05	
620	-6.40000e-01	-5.94798e-05	5.947975e-05	
621	-6.20000e-01	-7.87293e-05	7.872927e-05	
622	-6.00000e-01	-9.79678e-05	9.796778e-05	
623	-5.80000e-01	-1.17195e-04	1.171948e-04	
624	-5.60000e-01	-1.36410e-04	1.364099e-04	
625	-5.40000e-01	-1.55613e-04	1.556126e-04	
626	-5.20000e-01	-1.74802e-04	1.748022e-04	
627	-5.00000e-01	-1.93978e-04	1.939783e-04	
628	-4.80000e-01	-2.13140e-04	2.131401e-04	
629	-4.60000e-01	-2.32287e-04	2.322870e-04	
630	-4.40000e-01	-2.51418e-04	2.514182e-04	
631	-4.20000e-01	-2.70533e-04	2.705331e-04	
632	-4.00000e-01	-2.89631e-04	2.896308e-04	
633	-3.80000e-01	-3.08710e-04	3.087103e-04	
634	-3.60000e-01	-3.27771e-04	3.277707e-04	

Index   i-sweep         v1#branch       v_u_ic1#branch  
--------------------------------------------------------------------------------
635	-3.40000e-01	-3.46811e-04	3.468110e-04	
636	-3.20000e-01	-3.65830e-04	3.658301e-04	
637	-3.00000e-01	-3.84827e-04	3.848266e-04	
638	-2.80000e-01	-4.03799e-04	4.037993e-04	
639	-2.60000e-01	-4.22747e-04	4.227467e-04	
640	-2.40000e-01	-4.41667e-04	4.416673e-04	
641	-2.20000e-01	-4.60559e-04	4.605592e-04	
642	-2.00000e-01	-4.79421e-04	4.794205e-04	
643	-1.80000e-01	-4.98249e-04	4.982493e-04	
644	-1.60000e-01	-5.17043e-04	5.170430e-04	
645	-1.40000e-01	-5.35799e-04	5.357991e-04	
646	-1.20000e-01	-5.54515e-04	5.545148e-04	
647	-1.00000e-01	-5.73187e-04	5.731868e-04	
648	-8.00000e-02	-5.91811e-04	5.918115e-04	
649	-6.00000e-02	-6.10385e-04	6.103848e-04	
650	-4.00000e-02	-6.28902e-04	6.289021e-04	
651	-2.00000e-02	-6.47358e-04	6.473583e-04	
652	6.175616e-16	-6.65747e-04	6.657472e-04	
653	2.000000e-02	-6.84062e-04	6.840622e-04	
654	4.000000e-02	-7.02295e-04	7.022951e-04	
655	6.000000e-02	-7.20437e-04	7.204368e-04	
656	8.000000e-02	-7.38476e-04	7.384764e-04	
657	1.000000e-01	-7.56401e-04	7.564011e-04	
658	1.200000e-01	-7.74196e-04	7.741956e-04	
659	1.400000e-01	-7.91842e-04	7.918416e-04	
660	1.600000e-01	-8.09317e-04	8.093167e-04	
661	1.800000e-01	-8.26593e-04	8.265935e-04	
662	2.000000e-01	-8.43638e-04	8.436378e-04	
663	2.200000e-01	-8.60407e-04	8.604068e-04	
664	2.400000e-01	-8.76845e-04	8.768453e-04	
665	2.600000e-01	-8.92882e-04	8.928821e-04	
666	2.800000e-01	-9.08423e-04	9.084234e-04	
667	3.000000e-01	-9.23344e-04	9.233443e-04	
668	3.200000e-01	-9.37477e-04	9.374766e-04	
669	3.400000e-01	-9.50595e-04	9.505947e-04	
670	3.600000e-01	-9.62403e-04	9.624031e-04	
671	3.800000e-01	-9.72542e-04	9.725424e-04	
672	4.000000e-01	-9.80651e-04	9.806513e-04	
673	4.200000e-01	-9.86523e-04	9.865226e-04	
674	4.400000e-01	-9.90295e-04	9.902949e-04	
675	4.600000e-01	-9.92454e-04	9.924540e-04	
676	4.800000e-01	-9.93584e-04	9.935839e-04	
677	5.000000e-01	-9.94142e-04	9.941419e-04	
678	5.200000e-01	-9.94409e-04	9.944086e-04	
679	5.400000e-01	-9.94534e-04	9.945343e-04	
680	5.600000e-01	-9.94593e-04	9.945934e-04	
681	5.800000e-01	-9.94622e-04	9.946215e-04	
682	6.000000e-01	-9.94635e-04	9.946352e-04	
683	6.200000e-01	-9.94642e-04	9.946421e-04	
684	6.400000e-01	-9.94646e-04	9.946461e-04	
685	6.600000e-01	-9.94649e-04	9.946485e-04	
686	6.800000e-01	-9.94650e-04	9.946504e-04	
687	7.000000e-01	-9.94652e-04	9.946519e-04	
688	7.200000e-01	-9.94653e-04	9.946533e-04	
689	7.400000e-01	-9.94655e-04	9.946546e-04	
690	7.600000e-01	-9.94656e-04	9.946559e-04	
691	7.800000e-01	-9.94657e-04	9.946572e-04	
692	8.000000e-01	-9.94658e-04	9.946585e-04	

Index   i-sweep         v1#branch       v_u_ic1#branch  
--------------------------------------------------------------------------------
693	8.200000e-01	-9.94660e-04	9.946597e-04	
694	8.400000e-01	-9.94661e-04	9.946610e-04	
695	8.600000e-01	-9.94662e-04	9.946622e-04	
696	8.800000e-01	-9.94664e-04	9.946635e-04	
697	9.000000e-01	-9.94665e-04	9.946648e-04	
698	9.200000e-01	-9.94666e-04	9.946660e-04	
699	9.400000e-01	-9.94667e-04	9.946673e-04	
700	9.600000e-01	-9.94669e-04	9.946686e-04	
701	9.800000e-01	-9.94670e-04	9.946698e-04	
702	1.000000e+00	-9.94671e-04	9.946711e-04	
703	1.020000e+00	-9.94672e-04	9.946723e-04	
704	1.040000e+00	-9.94674e-04	9.946736e-04	
705	1.060000e+00	-9.94675e-04	9.946748e-04	
706	1.080000e+00	-9.94676e-04	9.946761e-04	
707	1.100000e+00	-9.94677e-04	9.946774e-04	
708	1.120000e+00	-9.94679e-04	9.946786e-04	
709	1.140000e+00	-9.94680e-04	9.946799e-04	
710	1.160000e+00	-9.94681e-04	9.946811e-04	
711	1.180000e+00	-9.94682e-04	9.946824e-04	
712	1.200000e+00	-9.94684e-04	9.946836e-04	
713	1.220000e+00	-9.94685e-04	9.946849e-04	
714	1.240000e+00	-9.94686e-04	9.946861e-04	
715	1.260000e+00	-9.94687e-04	9.946874e-04	
716	1.280000e+00	-9.94689e-04	9.946886e-04	
717	1.300000e+00	-9.94690e-04	9.946899e-04	
718	1.320000e+00	-9.94691e-04	9.946911e-04	
719	1.340000e+00	-9.94692e-04	9.946924e-04	
720	1.360000e+00	-9.94694e-04	9.946936e-04	
721	1.380000e+00	-9.94695e-04	9.946949e-04	
722	1.400000e+00	-9.94696e-04	9.946961e-04	
723	1.420000e+00	-9.94697e-04	9.946974e-04	
724	1.440000e+00	-9.94699e-04	9.946986e-04	
725	1.460000e+00	-9.94700e-04	9.946998e-04	
726	1.480000e+00	-9.94701e-04	9.947011e-04	
727	1.500000e+00	-9.94702e-04	9.947023e-04	
728	1.520000e+00	-9.94704e-04	9.947036e-04	
729	1.540000e+00	-9.94705e-04	9.947048e-04	
730	1.560000e+00	-9.94706e-04	9.947060e-04	
731	1.580000e+00	-9.94707e-04	9.947073e-04	
732	1.600000e+00	-9.94709e-04	9.947085e-04	
733	1.620000e+00	-9.94710e-04	9.947098e-04	
734	1.640000e+00	-9.94711e-04	9.947110e-04	
735	1.660000e+00	-9.94712e-04	9.947122e-04	
736	1.680000e+00	-9.94713e-04	9.947135e-04	
737	1.700000e+00	-9.94715e-04	9.947147e-04	
738	1.720000e+00	-9.94716e-04	9.947160e-04	
739	1.740000e+00	-9.94717e-04	9.947172e-04	
740	1.760000e+00	-9.94718e-04	9.947184e-04	
741	1.780000e+00	-9.94720e-04	9.947197e-04	
742	1.800000e+00	-9.94721e-04	9.947209e-04	
743	1.820000e+00	-9.94722e-04	9.947221e-04	
744	1.840000e+00	-9.94723e-04	9.947234e-04	
745	1.860000e+00	-9.94725e-04	9.947246e-04	
746	1.880000e+00	-9.94726e-04	9.947258e-04	
747	1.900000e+00	-9.94727e-04	9.947270e-04	
748	1.920000e+00	-9.94728e-04	9.947283e-04	
749	1.940000e+00	-9.94730e-04	9.947295e-04	
750	1.960000e+00	-9.94731e-04	9.947307e-04	

Index   i-sweep         v1#branch       v_u_ic1#branch  
--------------------------------------------------------------------------------
751	1.980000e+00	-9.94732e-04	9.947320e-04	
752	2.000000e+00	-9.94733e-04	9.947332e-04	
753	2.020000e+00	-9.94734e-04	9.947344e-04	
754	2.040000e+00	-9.94736e-04	9.947356e-04	
755	2.060000e+00	-9.94737e-04	9.947369e-04	
756	2.080000e+00	-9.94738e-04	9.947381e-04	
757	2.100000e+00	-9.94739e-04	9.947393e-04	
758	2.120000e+00	-9.94741e-04	9.947405e-04	
759	2.140000e+00	-9.94742e-04	9.947418e-04	
760	2.160000e+00	-9.94743e-04	9.947430e-04	
761	2.180000e+00	-9.94744e-04	9.947442e-04	
762	2.200000e+00	-9.94745e-04	9.947454e-04	
763	2.220000e+00	-9.94747e-04	9.947466e-04	
764	2.240000e+00	-9.94748e-04	9.947479e-04	
765	2.260000e+00	-9.94749e-04	9.947491e-04	
766	2.280000e+00	-9.94750e-04	9.947503e-04	
767	2.300000e+00	-9.94752e-04	9.947515e-04	
768	2.320000e+00	-9.94753e-04	9.947527e-04	
769	2.340000e+00	-9.94754e-04	9.947540e-04	
770	2.360000e+00	-9.94755e-04	9.947552e-04	
771	2.380000e+00	-9.94756e-04	9.947564e-04	
772	2.400000e+00	-9.94758e-04	9.947576e-04	
773	2.420000e+00	-9.94759e-04	9.947588e-04	
774	2.440000e+00	-9.94760e-04	9.947600e-04	
775	2.460000e+00	-9.94761e-04	9.947612e-04	
776	2.480000e+00	-9.94762e-04	9.947625e-04	
777	2.500000e+00	-9.94764e-04	9.947637e-04	
778	2.520000e+00	-9.94765e-04	9.947649e-04	
779	2.540000e+00	-9.94766e-04	9.947661e-04	
780	2.560000e+00	-9.94767e-04	9.947673e-04	
781	2.580000e+00	-9.94769e-04	9.947685e-04	
782	2.600000e+00	-9.94770e-04	9.947697e-04	
783	2.620000e+00	-9.94771e-04	9.947709e-04	
784	2.640000e+00	-9.94772e-04	9.947721e-04	
785	2.660000e+00	-9.94773e-04	9.947733e-04	
786	2.680000e+00	-9.94775e-04	9.947745e-04	
787	2.700000e+00	-9.94776e-04	9.947757e-04	
788	2.720000e+00	-9.94777e-04	9.947770e-04	
789	2.740000e+00	-9.94778e-04	9.947782e-04	
790	2.760000e+00	-9.94779e-04	9.947794e-04	
791	2.780000e+00	-9.94781e-04	9.947806e-04	
792	2.800000e+00	-9.94782e-04	9.947818e-04	
793	2.820000e+00	-9.94783e-04	9.947830e-04	
794	2.840000e+00	-9.94784e-04	9.947842e-04	
795	2.860000e+00	-9.94785e-04	9.947854e-04	
796	2.880000e+00	-9.94787e-04	9.947866e-04	
797	2.900000e+00	-9.94788e-04	9.947878e-04	
798	2.920000e+00	-9.94789e-04	9.947890e-04	
799	2.940000e+00	-9.94790e-04	9.947902e-04	
800	2.960000e+00	-9.94791e-04	9.947914e-04	
801	2.980000e+00	-9.94793e-04	9.947926e-04	
802	3.000000e+00	-9.94794e-04	9.947938e-04	
803	3.020000e+00	-9.94795e-04	9.947950e-04	
804	3.040000e+00	-9.94796e-04	9.947962e-04	
805	3.060000e+00	-9.94797e-04	9.947973e-04	
806	3.080000e+00	-9.94799e-04	9.947985e-04	
807	3.100000e+00	-9.94800e-04	9.947997e-04	
808	3.120000e+00	-9.94801e-04	9.948009e-04	

Index   i-sweep         v1#branch       v_u_ic1#branch  
--------------------------------------------------------------------------------
809	3.140000e+00	-9.94802e-04	9.948021e-04	
810	3.160000e+00	-9.94803e-04	9.948033e-04	
811	3.180000e+00	-9.94805e-04	9.948045e-04	
812	3.200000e+00	-9.94806e-04	9.948057e-04	
813	3.220000e+00	-9.94807e-04	9.948069e-04	
814	3.240000e+00	-9.94808e-04	9.948081e-04	
815	3.260000e+00	-9.94809e-04	9.948093e-04	
816	3.280000e+00	-9.94810e-04	9.948105e-04	
817	3.300000e+00	-9.94812e-04	9.948116e-04	
818	3.320000e+00	-9.94813e-04	9.948128e-04	
819	3.340000e+00	-9.94814e-04	9.948140e-04	
820	3.360000e+00	-9.94815e-04	9.948152e-04	
821	3.380000e+00	-9.94816e-04	9.948164e-04	
822	3.400000e+00	-9.94818e-04	9.948176e-04	
823	3.420000e+00	-9.94819e-04	9.948188e-04	
824	3.440000e+00	-9.94820e-04	9.948199e-04	
825	3.460000e+00	-9.94821e-04	9.948211e-04	
826	3.480000e+00	-9.94822e-04	9.948223e-04	
827	3.500000e+00	-9.94823e-04	9.948235e-04	
828	3.520000e+00	-9.94825e-04	9.948247e-04	
829	3.540000e+00	-9.94826e-04	9.948259e-04	
830	3.560000e+00	-9.94827e-04	9.948270e-04	
831	3.580000e+00	-9.94828e-04	9.948282e-04	
832	3.600000e+00	-9.94829e-04	9.948294e-04	
833	3.620000e+00	-9.94831e-04	9.948306e-04	
834	3.640000e+00	-9.94832e-04	9.948317e-04	
835	3.660000e+00	-9.94833e-04	9.948329e-04	
836	3.680000e+00	-9.94834e-04	9.948341e-04	
837	3.700000e+00	-9.94835e-04	9.948353e-04	
838	3.720000e+00	-9.94836e-04	9.948365e-04	
839	3.740000e+00	-9.94838e-04	9.948376e-04	
840	3.760000e+00	-9.94839e-04	9.948388e-04	
841	3.780000e+00	-9.94840e-04	9.948400e-04	
842	3.800000e+00	-9.94841e-04	9.948411e-04	
843	3.820000e+00	-9.94842e-04	9.948423e-04	
844	3.840000e+00	-9.94843e-04	9.948435e-04	
845	3.860000e+00	-9.94845e-04	9.948447e-04	
846	3.880000e+00	-9.94846e-04	9.948458e-04	
847	3.900000e+00	-9.94847e-04	9.948470e-04	
848	3.920000e+00	-9.94848e-04	9.948482e-04	
849	3.940000e+00	-9.94849e-04	9.948493e-04	
850	3.960000e+00	-9.94851e-04	9.948505e-04	
851	3.980000e+00	-9.94852e-04	9.948517e-04	
852	4.000000e+00	-9.94853e-04	9.948528e-04	
853	4.020000e+00	-9.94854e-04	9.948540e-04	
854	4.040000e+00	-9.94855e-04	9.948552e-04	
855	4.060000e+00	-9.94856e-04	9.948563e-04	
856	4.080000e+00	-9.94858e-04	9.948575e-04	
857	4.100000e+00	-9.94859e-04	9.948587e-04	
858	4.120000e+00	-9.94860e-04	9.948598e-04	
859	4.140000e+00	-9.94861e-04	9.948610e-04	
860	4.160000e+00	-9.94862e-04	9.948622e-04	
861	4.180000e+00	-9.94863e-04	9.948633e-04	
862	4.200000e+00	-9.94864e-04	9.948645e-04	
863	4.220000e+00	-9.94866e-04	9.948657e-04	
864	4.240000e+00	-9.94867e-04	9.948668e-04	
865	4.260000e+00	-9.94868e-04	9.948680e-04	
866	4.280000e+00	-9.94869e-04	9.948691e-04	

Index   i-sweep         v1#branch       v_u_ic1#branch  
--------------------------------------------------------------------------------
867	4.300000e+00	-9.94870e-04	9.948703e-04	
868	4.320000e+00	-9.94871e-04	9.948715e-04	
869	4.340000e+00	-9.94873e-04	9.948726e-04	
870	4.360000e+00	-9.94874e-04	9.948738e-04	
871	4.380000e+00	-9.94875e-04	9.948749e-04	
872	4.400000e+00	-9.94876e-04	9.948761e-04	
873	4.420000e+00	-9.94877e-04	9.948772e-04	
874	4.440000e+00	-9.94878e-04	9.948784e-04	
875	4.460000e+00	-9.94880e-04	9.948795e-04	
876	4.480000e+00	-9.94881e-04	9.948807e-04	
877	4.500000e+00	-9.94882e-04	9.948819e-04	
878	4.520000e+00	-9.94883e-04	9.948830e-04	
879	4.540000e+00	-9.94884e-04	9.948842e-04	
880	4.560000e+00	-9.94885e-04	9.948853e-04	
881	4.580000e+00	-9.94886e-04	9.948865e-04	
882	4.600000e+00	-9.94888e-04	9.948876e-04	
883	4.620000e+00	-9.94889e-04	9.948888e-04	
884	4.640000e+00	-9.94890e-04	9.948899e-04	
885	4.660000e+00	-9.94891e-04	9.948911e-04	
886	4.680000e+00	-9.94892e-04	9.948922e-04	
887	4.700000e+00	-9.94893e-04	9.948934e-04	
888	4.720000e+00	-9.94895e-04	9.948945e-04	
889	4.740000e+00	-9.94896e-04	9.948957e-04	
890	4.760000e+00	-9.94897e-04	9.948968e-04	
891	4.780000e+00	-9.94898e-04	9.948979e-04	
892	4.800000e+00	-9.94899e-04	9.948991e-04	
893	4.820000e+00	-9.94900e-04	9.949002e-04	
894	4.840000e+00	-9.94901e-04	9.949014e-04	
895	4.860000e+00	-9.94903e-04	9.949025e-04	
896	4.880000e+00	-9.94904e-04	9.949037e-04	
897	4.900000e+00	-9.94905e-04	9.949048e-04	
898	4.920000e+00	-9.94906e-04	9.949059e-04	
899	4.940000e+00	-9.94907e-04	9.949071e-04	
900	4.960000e+00	-9.94908e-04	9.949082e-04	
901	4.980000e+00	-9.94909e-04	9.949094e-04	
902	5.000000e+00	-9.94911e-04	9.949105e-04	
903	-1.00000e+00	2.641611e-04	-2.64161e-04	
904	-9.80000e-01	2.446010e-04	-2.44601e-04	
905	-9.60000e-01	2.250447e-04	-2.25045e-04	
906	-9.40000e-01	2.054895e-04	-2.05489e-04	
907	-9.20000e-01	1.859362e-04	-1.85936e-04	
908	-9.00000e-01	1.663850e-04	-1.66385e-04	
909	-8.80000e-01	1.468359e-04	-1.46836e-04	
910	-8.60000e-01	1.272889e-04	-1.27289e-04	
911	-8.40000e-01	1.077440e-04	-1.07744e-04	
912	-8.20000e-01	8.820138e-05	-8.82014e-05	
913	-8.00000e-01	6.866097e-05	-6.86610e-05	
914	-7.80000e-01	4.912283e-05	-4.91228e-05	
915	-7.60000e-01	2.958702e-05	-2.95870e-05	
916	-7.40000e-01	1.005357e-05	-1.00536e-05	
917	-7.20000e-01	-9.47747e-06	9.477470e-06	
918	-7.00000e-01	-2.90060e-05	2.900605e-05	
919	-6.80000e-01	-4.85321e-05	4.853212e-05	
920	-6.60000e-01	-6.80556e-05	6.805564e-05	
921	-6.40000e-01	-8.75765e-05	8.757655e-05	
922	-6.20000e-01	-1.07095e-04	1.070948e-04	
923	-6.00000e-01	-1.26610e-04	1.266103e-04	
924	-5.80000e-01	-1.46123e-04	1.461231e-04	

Index   i-sweep         v1#branch       v_u_ic1#branch  
--------------------------------------------------------------------------------
925	-5.60000e-01	-1.65633e-04	1.656330e-04	
926	-5.40000e-01	-1.85140e-04	1.851401e-04	
927	-5.20000e-01	-2.04644e-04	2.046442e-04	
928	-5.00000e-01	-2.24145e-04	2.241453e-04	
929	-4.80000e-01	-2.43643e-04	2.436433e-04	
930	-4.60000e-01	-2.63138e-04	2.631381e-04	
931	-4.40000e-01	-2.82630e-04	2.826298e-04	
932	-4.20000e-01	-3.02118e-04	3.021181e-04	
933	-4.00000e-01	-3.21603e-04	3.216031e-04	
934	-3.80000e-01	-3.41085e-04	3.410847e-04	
935	-3.60000e-01	-3.60563e-04	3.605627e-04	
936	-3.40000e-01	-3.80037e-04	3.800371e-04	
937	-3.20000e-01	-3.99508e-04	3.995079e-04	
938	-3.00000e-01	-4.18975e-04	4.189749e-04	
939	-2.80000e-01	-4.38438e-04	4.384380e-04	
940	-2.60000e-01	-4.57897e-04	4.578971e-04	
941	-2.40000e-01	-4.77352e-04	4.773522e-04	
942	-2.20000e-01	-4.96803e-04	4.968031e-04	
943	-2.00000e-01	-5.16250e-04	5.162497e-04	
944	-1.80000e-01	-5.35692e-04	5.356920e-04	
945	-1.60000e-01	-5.55130e-04	5.551298e-04	
946	-1.40000e-01	-5.74563e-04	5.745629e-04	
947	-1.20000e-01	-5.93991e-04	5.939913e-04	
948	-1.00000e-01	-6.13415e-04	6.134149e-04	
949	-8.00000e-02	-6.32833e-04	6.328334e-04	
950	-6.00000e-02	-6.52247e-04	6.522468e-04	
951	-4.00000e-02	-6.71655e-04	6.716549e-04	
952	-2.00000e-02	-6.91058e-04	6.910576e-04	
953	6.175616e-16	-7.10455e-04	7.104546e-04	
954	2.000000e-02	-7.29846e-04	7.298459e-04	
955	4.000000e-02	-7.49231e-04	7.492313e-04	
956	6.000000e-02	-7.68610e-04	7.686105e-04	
957	8.000000e-02	-7.87983e-04	7.879834e-04	
958	1.000000e-01	-8.07350e-04	8.073498e-04	
959	1.200000e-01	-8.26710e-04	8.267095e-04	
960	1.400000e-01	-8.46062e-04	8.460623e-04	
961	1.600000e-01	-8.65408e-04	8.654078e-04	
962	1.800000e-01	-8.84746e-04	8.847460e-04	
963	2.000000e-01	-9.04077e-04	9.040766e-04	
964	2.200000e-01	-9.23399e-04	9.233992e-04	
965	2.400000e-01	-9.42714e-04	9.427136e-04	
966	2.600000e-01	-9.62019e-04	9.620195e-04	
967	2.800000e-01	-9.81317e-04	9.813165e-04	
968	3.000000e-01	-1.00060e-03	1.000605e-03	
969	3.200000e-01	-1.01988e-03	1.019883e-03	
970	3.400000e-01	-1.03915e-03	1.039152e-03	
971	3.600000e-01	-1.05841e-03	1.058410e-03	
972	3.800000e-01	-1.07766e-03	1.077658e-03	
973	4.000000e-01	-1.09689e-03	1.096894e-03	
974	4.200000e-01	-1.11612e-03	1.116120e-03	
975	4.400000e-01	-1.13533e-03	1.135333e-03	
976	4.600000e-01	-1.15453e-03	1.154533e-03	
977	4.800000e-01	-1.17372e-03	1.173721e-03	
978	5.000000e-01	-1.19289e-03	1.192894e-03	
979	5.200000e-01	-1.21205e-03	1.212054e-03	
980	5.400000e-01	-1.23120e-03	1.231198e-03	
981	5.600000e-01	-1.25033e-03	1.250327e-03	
982	5.800000e-01	-1.26944e-03	1.269439e-03	

Index   i-sweep         v1#branch       v_u_ic1#branch  
--------------------------------------------------------------------------------
983	6.000000e-01	-1.28853e-03	1.288534e-03	
984	6.200000e-01	-1.30761e-03	1.307610e-03	
985	6.400000e-01	-1.32667e-03	1.326667e-03	
986	6.600000e-01	-1.34570e-03	1.345704e-03	
987	6.800000e-01	-1.36472e-03	1.364719e-03	
988	7.000000e-01	-1.38371e-03	1.383712e-03	
989	7.200000e-01	-1.40268e-03	1.402681e-03	
990	7.400000e-01	-1.42162e-03	1.421624e-03	
991	7.600000e-01	-1.44054e-03	1.440540e-03	
992	7.800000e-01	-1.45943e-03	1.459426e-03	
993	8.000000e-01	-1.47828e-03	1.478282e-03	
994	8.200000e-01	-1.49711e-03	1.497105e-03	
995	8.400000e-01	-1.51589e-03	1.515893e-03	
996	8.600000e-01	-1.53464e-03	1.534642e-03	
997	8.800000e-01	-1.55335e-03	1.553351e-03	
998	9.000000e-01	-1.57201e-03	1.572015e-03	
999	9.200000e-01	-1.59063e-03	1.590631e-03	
1000	9.400000e-01	-1.60920e-03	1.609195e-03	
1001	9.600000e-01	-1.62770e-03	1.627702e-03	
1002	9.800000e-01	-1.64615e-03	1.646147e-03	
1003	1.000000e+00	-1.66452e-03	1.664524e-03	
1004	1.020000e+00	-1.68283e-03	1.682825e-03	
1005	1.040000e+00	-1.70104e-03	1.701043e-03	
1006	1.060000e+00	-1.71917e-03	1.719168e-03	
1007	1.080000e+00	-1.73719e-03	1.737188e-03	
1008	1.100000e+00	-1.75509e-03	1.755091e-03	
1009	1.120000e+00	-1.77286e-03	1.772861e-03	
1010	1.140000e+00	-1.79048e-03	1.790478e-03	
1011	1.160000e+00	-1.80792e-03	1.807921e-03	
1012	1.180000e+00	-1.82516e-03	1.825159e-03	
1013	1.200000e+00	-1.84216e-03	1.842158e-03	
1014	1.220000e+00	-1.85887e-03	1.858872e-03	
1015	1.240000e+00	-1.87524e-03	1.875244e-03	
1016	1.260000e+00	-1.89120e-03	1.891200e-03	
1017	1.280000e+00	-1.90664e-03	1.906640e-03	
1018	1.300000e+00	-1.92143e-03	1.921432e-03	
1019	1.320000e+00	-1.93540e-03	1.935400e-03	
1020	1.340000e+00	-1.94830e-03	1.948305e-03	
1021	1.360000e+00	-1.95984e-03	1.959838e-03	
1022	1.380000e+00	-1.96963e-03	1.969634e-03	
1023	1.400000e+00	-1.97734e-03	1.977344e-03	
1024	1.420000e+00	-1.98281e-03	1.982812e-03	
1025	1.440000e+00	-1.98625e-03	1.986248e-03	
1026	1.460000e+00	-1.98818e-03	1.988179e-03	
1027	1.480000e+00	-1.98918e-03	1.989178e-03	
1028	1.500000e+00	-1.98967e-03	1.989668e-03	
1029	1.520000e+00	-1.98990e-03	1.989901e-03	
1030	1.540000e+00	-1.99001e-03	1.990012e-03	
1031	1.560000e+00	-1.99006e-03	1.990065e-03	
1032	1.580000e+00	-1.99009e-03	1.990091e-03	
1033	1.600000e+00	-1.99010e-03	1.990104e-03	
1034	1.620000e+00	-1.99011e-03	1.990111e-03	
1035	1.640000e+00	-1.99012e-03	1.990116e-03	
1036	1.660000e+00	-1.99012e-03	1.990119e-03	
1037	1.680000e+00	-1.99012e-03	1.990122e-03	
1038	1.700000e+00	-1.99012e-03	1.990125e-03	
1039	1.720000e+00	-1.99013e-03	1.990127e-03	
1040	1.740000e+00	-1.99013e-03	1.990130e-03	

Index   i-sweep         v1#branch       v_u_ic1#branch  
--------------------------------------------------------------------------------
1041	1.760000e+00	-1.99013e-03	1.990132e-03	
1042	1.780000e+00	-1.99013e-03	1.990134e-03	
1043	1.800000e+00	-1.99014e-03	1.990137e-03	
1044	1.820000e+00	-1.99014e-03	1.990139e-03	
1045	1.840000e+00	-1.99014e-03	1.990141e-03	
1046	1.860000e+00	-1.99014e-03	1.990144e-03	
1047	1.880000e+00	-1.99015e-03	1.990146e-03	
1048	1.900000e+00	-1.99015e-03	1.990148e-03	
1049	1.920000e+00	-1.99015e-03	1.990151e-03	
1050	1.940000e+00	-1.99015e-03	1.990153e-03	
1051	1.960000e+00	-1.99016e-03	1.990156e-03	
1052	1.980000e+00	-1.99016e-03	1.990158e-03	
1053	2.000000e+00	-1.99016e-03	1.990160e-03	
1054	2.020000e+00	-1.99016e-03	1.990163e-03	
1055	2.040000e+00	-1.99017e-03	1.990165e-03	
1056	2.060000e+00	-1.99017e-03	1.990167e-03	
1057	2.080000e+00	-1.99017e-03	1.990170e-03	
1058	2.100000e+00	-1.99017e-03	1.990172e-03	
1059	2.120000e+00	-1.99017e-03	1.990174e-03	
1060	2.140000e+00	-1.99018e-03	1.990177e-03	
1061	2.160000e+00	-1.99018e-03	1.990179e-03	
1062	2.180000e+00	-1.99018e-03	1.990181e-03	
1063	2.200000e+00	-1.99018e-03	1.990184e-03	
1064	2.220000e+00	-1.99019e-03	1.990186e-03	
1065	2.240000e+00	-1.99019e-03	1.990188e-03	
1066	2.260000e+00	-1.99019e-03	1.990191e-03	
1067	2.280000e+00	-1.99019e-03	1.990193e-03	
1068	2.300000e+00	-1.99020e-03	1.990196e-03	
1069	2.320000e+00	-1.99020e-03	1.990198e-03	
1070	2.340000e+00	-1.99020e-03	1.990200e-03	
1071	2.360000e+00	-1.99020e-03	1.990203e-03	
1072	2.380000e+00	-1.99020e-03	1.990205e-03	
1073	2.400000e+00	-1.99021e-03	1.990207e-03	
1074	2.420000e+00	-1.99021e-03	1.990210e-03	
1075	2.440000e+00	-1.99021e-03	1.990212e-03	
1076	2.460000e+00	-1.99021e-03	1.990214e-03	
1077	2.480000e+00	-1.99022e-03	1.990217e-03	
1078	2.500000e+00	-1.99022e-03	1.990219e-03	
1079	2.520000e+00	-1.99022e-03	1.990221e-03	
1080	2.540000e+00	-1.99022e-03	1.990223e-03	
1081	2.560000e+00	-1.99023e-03	1.990226e-03	
1082	2.580000e+00	-1.99023e-03	1.990228e-03	
1083	2.600000e+00	-1.99023e-03	1.990230e-03	
1084	2.620000e+00	-1.99023e-03	1.990233e-03	
1085	2.640000e+00	-1.99024e-03	1.990235e-03	
1086	2.660000e+00	-1.99024e-03	1.990237e-03	
1087	2.680000e+00	-1.99024e-03	1.990240e-03	
1088	2.700000e+00	-1.99024e-03	1.990242e-03	
1089	2.720000e+00	-1.99024e-03	1.990244e-03	
1090	2.740000e+00	-1.99025e-03	1.990247e-03	
1091	2.760000e+00	-1.99025e-03	1.990249e-03	
1092	2.780000e+00	-1.99025e-03	1.990251e-03	
1093	2.800000e+00	-1.99025e-03	1.990254e-03	
1094	2.820000e+00	-1.99026e-03	1.990256e-03	
1095	2.840000e+00	-1.99026e-03	1.990258e-03	
1096	2.860000e+00	-1.99026e-03	1.990261e-03	
1097	2.880000e+00	-1.99026e-03	1.990263e-03	
1098	2.900000e+00	-1.99027e-03	1.990265e-03	

Index   i-sweep         v1#branch       v_u_ic1#branch  
--------------------------------------------------------------------------------
1099	2.920000e+00	-1.99027e-03	1.990267e-03	
1100	2.940000e+00	-1.99027e-03	1.990270e-03	
1101	2.960000e+00	-1.99027e-03	1.990272e-03	
1102	2.980000e+00	-1.99027e-03	1.990274e-03	
1103	3.000000e+00	-1.99028e-03	1.990277e-03	
1104	3.020000e+00	-1.99028e-03	1.990279e-03	
1105	3.040000e+00	-1.99028e-03	1.990281e-03	
1106	3.060000e+00	-1.99028e-03	1.990284e-03	
1107	3.080000e+00	-1.99029e-03	1.990286e-03	
1108	3.100000e+00	-1.99029e-03	1.990288e-03	
1109	3.120000e+00	-1.99029e-03	1.990290e-03	
1110	3.140000e+00	-1.99029e-03	1.990293e-03	
1111	3.160000e+00	-1.99030e-03	1.990295e-03	
1112	3.180000e+00	-1.99030e-03	1.990297e-03	
1113	3.200000e+00	-1.99030e-03	1.990300e-03	
1114	3.220000e+00	-1.99030e-03	1.990302e-03	
1115	3.240000e+00	-1.99030e-03	1.990304e-03	
1116	3.260000e+00	-1.99031e-03	1.990306e-03	
1117	3.280000e+00	-1.99031e-03	1.990309e-03	
1118	3.300000e+00	-1.99031e-03	1.990311e-03	
1119	3.320000e+00	-1.99031e-03	1.990313e-03	
1120	3.340000e+00	-1.99032e-03	1.990316e-03	
1121	3.360000e+00	-1.99032e-03	1.990318e-03	
1122	3.380000e+00	-1.99032e-03	1.990320e-03	
1123	3.400000e+00	-1.99032e-03	1.990322e-03	
1124	3.420000e+00	-1.99032e-03	1.990325e-03	
1125	3.440000e+00	-1.99033e-03	1.990327e-03	
1126	3.460000e+00	-1.99033e-03	1.990329e-03	
1127	3.480000e+00	-1.99033e-03	1.990331e-03	
1128	3.500000e+00	-1.99033e-03	1.990334e-03	
1129	3.520000e+00	-1.99034e-03	1.990336e-03	
1130	3.540000e+00	-1.99034e-03	1.990338e-03	
1131	3.560000e+00	-1.99034e-03	1.990341e-03	
1132	3.580000e+00	-1.99034e-03	1.990343e-03	
1133	3.600000e+00	-1.99035e-03	1.990345e-03	
1134	3.620000e+00	-1.99035e-03	1.990347e-03	
1135	3.640000e+00	-1.99035e-03	1.990350e-03	
1136	3.660000e+00	-1.99035e-03	1.990352e-03	
1137	3.680000e+00	-1.99035e-03	1.990354e-03	
1138	3.700000e+00	-1.99036e-03	1.990356e-03	
1139	3.720000e+00	-1.99036e-03	1.990359e-03	
1140	3.740000e+00	-1.99036e-03	1.990361e-03	
1141	3.760000e+00	-1.99036e-03	1.990363e-03	
1142	3.780000e+00	-1.99037e-03	1.990365e-03	
1143	3.800000e+00	-1.99037e-03	1.990368e-03	
1144	3.820000e+00	-1.99037e-03	1.990370e-03	
1145	3.840000e+00	-1.99037e-03	1.990372e-03	
1146	3.860000e+00	-1.99037e-03	1.990374e-03	
1147	3.880000e+00	-1.99038e-03	1.990377e-03	
1148	3.900000e+00	-1.99038e-03	1.990379e-03	
1149	3.920000e+00	-1.99038e-03	1.990381e-03	
1150	3.940000e+00	-1.99038e-03	1.990383e-03	
1151	3.960000e+00	-1.99039e-03	1.990386e-03	
1152	3.980000e+00	-1.99039e-03	1.990388e-03	
1153	4.000000e+00	-1.99039e-03	1.990390e-03	
1154	4.020000e+00	-1.99039e-03	1.990392e-03	
1155	4.040000e+00	-1.99039e-03	1.990395e-03	
1156	4.060000e+00	-1.99040e-03	1.990397e-03	

Index   i-sweep         v1#branch       v_u_ic1#branch  
--------------------------------------------------------------------------------
1157	4.080000e+00	-1.99040e-03	1.990399e-03	
1158	4.100000e+00	-1.99040e-03	1.990401e-03	
1159	4.120000e+00	-1.99040e-03	1.990404e-03	
1160	4.140000e+00	-1.99041e-03	1.990406e-03	
1161	4.160000e+00	-1.99041e-03	1.990408e-03	
1162	4.180000e+00	-1.99041e-03	1.990410e-03	
1163	4.200000e+00	-1.99041e-03	1.990412e-03	
1164	4.220000e+00	-1.99041e-03	1.990415e-03	
1165	4.240000e+00	-1.99042e-03	1.990417e-03	
1166	4.260000e+00	-1.99042e-03	1.990419e-03	
1167	4.280000e+00	-1.99042e-03	1.990421e-03	
1168	4.300000e+00	-1.99042e-03	1.990424e-03	
1169	4.320000e+00	-1.99043e-03	1.990426e-03	
1170	4.340000e+00	-1.99043e-03	1.990428e-03	
1171	4.360000e+00	-1.99043e-03	1.990430e-03	
1172	4.380000e+00	-1.99043e-03	1.990432e-03	
1173	4.400000e+00	-1.99043e-03	1.990435e-03	
1174	4.420000e+00	-1.99044e-03	1.990437e-03	
1175	4.440000e+00	-1.99044e-03	1.990439e-03	
1176	4.460000e+00	-1.99044e-03	1.990441e-03	
1177	4.480000e+00	-1.99044e-03	1.990444e-03	
1178	4.500000e+00	-1.99045e-03	1.990446e-03	
1179	4.520000e+00	-1.99045e-03	1.990448e-03	
1180	4.540000e+00	-1.99045e-03	1.990450e-03	
1181	4.560000e+00	-1.99045e-03	1.990452e-03	
1182	4.580000e+00	-1.99045e-03	1.990455e-03	
1183	4.600000e+00	-1.99046e-03	1.990457e-03	
1184	4.620000e+00	-1.99046e-03	1.990459e-03	
1185	4.640000e+00	-1.99046e-03	1.990461e-03	
1186	4.660000e+00	-1.99046e-03	1.990463e-03	
1187	4.680000e+00	-1.99047e-03	1.990466e-03	
1188	4.700000e+00	-1.99047e-03	1.990468e-03	
1189	4.720000e+00	-1.99047e-03	1.990470e-03	
1190	4.740000e+00	-1.99047e-03	1.990472e-03	
1191	4.760000e+00	-1.99047e-03	1.990474e-03	
1192	4.780000e+00	-1.99048e-03	1.990477e-03	
1193	4.800000e+00	-1.99048e-03	1.990479e-03	
1194	4.820000e+00	-1.99048e-03	1.990481e-03	
1195	4.840000e+00	-1.99048e-03	1.990483e-03	
1196	4.860000e+00	-1.99049e-03	1.990485e-03	
1197	4.880000e+00	-1.99049e-03	1.990488e-03	
1198	4.900000e+00	-1.99049e-03	1.990490e-03	
1199	4.920000e+00	-1.99049e-03	1.990492e-03	
1200	4.940000e+00	-1.99049e-03	1.990494e-03	
1201	4.960000e+00	-1.99050e-03	1.990496e-03	
1202	4.980000e+00	-1.99050e-03	1.990499e-03	
1203	5.000000e+00	-1.99050e-03	1.990501e-03	
1204	-1.00000e+00	2.450466e-04	-2.45047e-04	
1205	-9.80000e-01	2.254198e-04	-2.25420e-04	
1206	-9.60000e-01	2.057949e-04	-2.05795e-04	
1207	-9.40000e-01	1.861705e-04	-1.86170e-04	
1208	-9.20000e-01	1.665470e-04	-1.66547e-04	
1209	-9.00000e-01	1.469246e-04	-1.46925e-04	
1210	-8.80000e-01	1.273031e-04	-1.27303e-04	
1211	-8.60000e-01	1.076827e-04	-1.07683e-04	
1212	-8.40000e-01	8.806322e-05	-8.80632e-05	
1213	-8.20000e-01	6.844482e-05	-6.84448e-05	
1214	-8.00000e-01	4.882747e-05	-4.88275e-05	

Index   i-sweep         v1#branch       v_u_ic1#branch  
--------------------------------------------------------------------------------
1215	-7.80000e-01	2.921118e-05	-2.92112e-05	
1216	-7.60000e-01	9.595968e-06	-9.59597e-06	
1217	-7.40000e-01	-1.00182e-05	1.001816e-05	
1218	-7.20000e-01	-2.96312e-05	2.963118e-05	
1219	-7.00000e-01	-4.92431e-05	4.924309e-05	
1220	-6.80000e-01	-6.88539e-05	6.885386e-05	
1221	-6.60000e-01	-8.84635e-05	8.846349e-05	
1222	-6.40000e-01	-1.08072e-04	1.080720e-04	
1223	-6.20000e-01	-1.27679e-04	1.276792e-04	
1224	-6.00000e-01	-1.47285e-04	1.472853e-04	
1225	-5.80000e-01	-1.66890e-04	1.668902e-04	
1226	-5.60000e-01	-1.86494e-04	1.864939e-04	
1227	-5.40000e-01	-2.06096e-04	2.060963e-04	
1228	-5.20000e-01	-2.25697e-04	2.256974e-04	
1229	-5.00000e-01	-2.45297e-04	2.452973e-04	
1230	-4.80000e-01	-2.64896e-04	2.648958e-04	
1231	-4.60000e-01	-2.84493e-04	2.844931e-04	
1232	-4.40000e-01	-3.04089e-04	3.040890e-04	
1233	-4.20000e-01	-3.23684e-04	3.236836e-04	
1234	-4.00000e-01	-3.43277e-04	3.432768e-04	
1235	-3.80000e-01	-3.62869e-04	3.628686e-04	
1236	-3.60000e-01	-3.82459e-04	3.824589e-04	
1237	-3.40000e-01	-4.02048e-04	4.020479e-04	
1238	-3.20000e-01	-4.21635e-04	4.216354e-04	
1239	-3.00000e-01	-4.41221e-04	4.412214e-04	
1240	-2.80000e-01	-4.60806e-04	4.608059e-04	
1241	-2.60000e-01	-4.80389e-04	4.803889e-04	
1242	-2.40000e-01	-4.99970e-04	4.999703e-04	
1243	-2.20000e-01	-5.19550e-04	5.195501e-04	
1244	-2.00000e-01	-5.39128e-04	5.391284e-04	
1245	-1.80000e-01	-5.58705e-04	5.587050e-04	
1246	-1.60000e-01	-5.78280e-04	5.782800e-04	
1247	-1.40000e-01	-5.97853e-04	5.978533e-04	
1248	-1.20000e-01	-6.17425e-04	6.174250e-04	
1249	-1.00000e-01	-6.36995e-04	6.369948e-04	
1250	-8.00000e-02	-6.56563e-04	6.565630e-04	
1251	-6.00000e-02	-6.76129e-04	6.761293e-04	
1252	-4.00000e-02	-6.95694e-04	6.956938e-04	
1253	-2.00000e-02	-7.15256e-04	7.152565e-04	
1254	6.175616e-16	-7.34817e-04	7.348173e-04	
1255	2.000000e-02	-7.54376e-04	7.543762e-04	
1256	4.000000e-02	-7.73933e-04	7.739331e-04	
1257	6.000000e-02	-7.93488e-04	7.934880e-04	
1258	8.000000e-02	-8.13041e-04	8.130410e-04	
1259	1.000000e-01	-8.32592e-04	8.325919e-04	
1260	1.200000e-01	-8.52141e-04	8.521407e-04	
1261	1.400000e-01	-8.71687e-04	8.716874e-04	
1262	1.600000e-01	-8.91232e-04	8.912319e-04	
1263	1.800000e-01	-9.10774e-04	9.107742e-04	
1264	2.000000e-01	-9.30314e-04	9.303143e-04	
1265	2.200000e-01	-9.49852e-04	9.498521e-04	
1266	2.400000e-01	-9.69388e-04	9.693875e-04	
1267	2.600000e-01	-9.88921e-04	9.889206e-04	
1268	2.800000e-01	-1.00845e-03	1.008451e-03	
1269	3.000000e-01	-1.02798e-03	1.027979e-03	
1270	3.200000e-01	-1.04751e-03	1.047505e-03	
1271	3.400000e-01	-1.06703e-03	1.067028e-03	
1272	3.600000e-01	-1.08655e-03	1.086549e-03	

Index   i-sweep         v1#branch       v_u_ic1#branch  
--------------------------------------------------------------------------------
1273	3.800000e-01	-1.10607e-03	1.106067e-03	
1274	4.000000e-01	-1.12558e-03	1.125582e-03	
1275	4.200000e-01	-1.14509e-03	1.145094e-03	
1276	4.400000e-01	-1.16460e-03	1.164604e-03	
1277	4.600000e-01	-1.18411e-03	1.184110e-03	
1278	4.800000e-01	-1.20361e-03	1.203614e-03	
1279	5.000000e-01	-1.22311e-03	1.223114e-03	
1280	5.200000e-01	-1.24261e-03	1.242612e-03	
1281	5.400000e-01	-1.26211e-03	1.262106e-03	
1282	5.600000e-01	-1.28160e-03	1.281597e-03	
1283	5.800000e-01	-1.30109e-03	1.301085e-03	
1284	6.000000e-01	-1.32057e-03	1.320570e-03	
1285	6.200000e-01	-1.34005e-03	1.340051e-03	
1286	6.400000e-01	-1.35953e-03	1.359528e-03	
1287	6.600000e-01	-1.37900e-03	1.379002e-03	
1288	6.800000e-01	-1.39847e-03	1.398472e-03	
1289	7.000000e-01	-1.41794e-03	1.417939e-03	
1290	7.200000e-01	-1.43740e-03	1.437401e-03	
1291	7.400000e-01	-1.45686e-03	1.456860e-03	
1292	7.600000e-01	-1.47631e-03	1.476314e-03	
1293	7.800000e-01	-1.49576e-03	1.495764e-03	
1294	8.000000e-01	-1.51521e-03	1.515210e-03	
1295	8.200000e-01	-1.53465e-03	1.534652e-03	
1296	8.400000e-01	-1.55409e-03	1.554089e-03	
1297	8.600000e-01	-1.57352e-03	1.573521e-03	
1298	8.800000e-01	-1.59295e-03	1.592949e-03	
1299	9.000000e-01	-1.61237e-03	1.612372e-03	
1300	9.200000e-01	-1.63179e-03	1.631790e-03	
1301	9.400000e-01	-1.65120e-03	1.651202e-03	
1302	9.600000e-01	-1.67061e-03	1.670610e-03	
1303	9.800000e-01	-1.69001e-03	1.690011e-03	
1304	1.000000e+00	-1.70941e-03	1.709407e-03	
1305	1.020000e+00	-1.72880e-03	1.728798e-03	
1306	1.040000e+00	-1.74818e-03	1.748182e-03	
1307	1.060000e+00	-1.76756e-03	1.767560e-03	
1308	1.080000e+00	-1.78693e-03	1.786932e-03	
1309	1.100000e+00	-1.80630e-03	1.806298e-03	
1310	1.120000e+00	-1.82566e-03	1.825656e-03	
1311	1.140000e+00	-1.84501e-03	1.845008e-03	
1312	1.160000e+00	-1.86435e-03	1.864352e-03	
1313	1.180000e+00	-1.88369e-03	1.883689e-03	
1314	1.200000e+00	-1.90302e-03	1.903019e-03	
1315	1.220000e+00	-1.92234e-03	1.922340e-03	
1316	1.240000e+00	-1.94165e-03	1.941653e-03	
1317	1.260000e+00	-1.96096e-03	1.960958e-03	
1318	1.280000e+00	-1.98025e-03	1.980253e-03	
1319	1.300000e+00	-1.99954e-03	1.999540e-03	
1320	1.320000e+00	-2.01882e-03	2.018817e-03	
1321	1.340000e+00	-2.03808e-03	2.038084e-03	
1322	1.360000e+00	-2.05734e-03	2.057341e-03	
1323	1.380000e+00	-2.07659e-03	2.076587e-03	
1324	1.400000e+00	-2.09582e-03	2.095821e-03	
1325	1.420000e+00	-2.11504e-03	2.115045e-03	
1326	1.440000e+00	-2.13426e-03	2.134256e-03	
1327	1.460000e+00	-2.15345e-03	2.153454e-03	
1328	1.480000e+00	-2.17264e-03	2.172640e-03	
1329	1.500000e+00	-2.19181e-03	2.191811e-03	
1330	1.520000e+00	-2.21097e-03	2.210968e-03	

Index   i-sweep         v1#branch       v_u_ic1#branch  
--------------------------------------------------------------------------------
1331	1.540000e+00	-2.23011e-03	2.230110e-03	
1332	1.560000e+00	-2.24924e-03	2.249236e-03	
1333	1.580000e+00	-2.26835e-03	2.268345e-03	
1334	1.600000e+00	-2.28744e-03	2.287437e-03	
1335	1.620000e+00	-2.30651e-03	2.306510e-03	
1336	1.640000e+00	-2.32556e-03	2.325564e-03	
1337	1.660000e+00	-2.34460e-03	2.344598e-03	
1338	1.680000e+00	-2.36361e-03	2.363610e-03	
1339	1.700000e+00	-2.38260e-03	2.382598e-03	
1340	1.720000e+00	-2.40156e-03	2.401563e-03	
1341	1.740000e+00	-2.42050e-03	2.420502e-03	
1342	1.760000e+00	-2.43941e-03	2.439413e-03	
1343	1.780000e+00	-2.45829e-03	2.458295e-03	
1344	1.800000e+00	-2.47715e-03	2.477146e-03	
1345	1.820000e+00	-2.49596e-03	2.495963e-03	
1346	1.840000e+00	-2.51474e-03	2.514744e-03	
1347	1.860000e+00	-2.53349e-03	2.533487e-03	
1348	1.880000e+00	-2.55219e-03	2.552189e-03	
1349	1.900000e+00	-2.57085e-03	2.570845e-03	
1350	1.920000e+00	-2.58945e-03	2.589453e-03	
1351	1.940000e+00	-2.60801e-03	2.608008e-03	
1352	1.960000e+00	-2.62651e-03	2.626505e-03	
1353	1.980000e+00	-2.64494e-03	2.644939e-03	
1354	2.000000e+00	-2.66330e-03	2.663304e-03	
1355	2.020000e+00	-2.68159e-03	2.681592e-03	
1356	2.040000e+00	-2.69979e-03	2.699795e-03	
1357	2.060000e+00	-2.71790e-03	2.717903e-03	
1358	2.080000e+00	-2.73590e-03	2.735904e-03	
1359	2.100000e+00	-2.75379e-03	2.753786e-03	
1360	2.120000e+00	-2.77153e-03	2.771532e-03	
1361	2.140000e+00	-2.78912e-03	2.789121e-03	
1362	2.160000e+00	-2.80653e-03	2.806531e-03	
1363	2.180000e+00	-2.82373e-03	2.823732e-03	
1364	2.200000e+00	-2.84069e-03	2.840686e-03	
1365	2.220000e+00	-2.85735e-03	2.857347e-03	
1366	2.240000e+00	-2.87365e-03	2.873654e-03	
1367	2.260000e+00	-2.88953e-03	2.889530e-03	
1368	2.280000e+00	-2.90487e-03	2.904870e-03	
1369	2.300000e+00	-2.91954e-03	2.919537e-03	
1370	2.320000e+00	-2.93334e-03	2.933342e-03	
1371	2.340000e+00	-2.94604e-03	2.946037e-03	
1372	2.360000e+00	-2.95730e-03	2.957302e-03	
1373	2.380000e+00	-2.96676e-03	2.966765e-03	
1374	2.400000e+00	-2.97410e-03	2.974095e-03	
1375	2.420000e+00	-2.97919e-03	2.979191e-03	
1376	2.440000e+00	-2.98233e-03	2.982330e-03	
1377	2.460000e+00	-2.98406e-03	2.984065e-03	
1378	2.480000e+00	-2.98495e-03	2.984953e-03	
1379	2.500000e+00	-2.98539e-03	2.985386e-03	
1380	2.520000e+00	-2.98559e-03	2.985593e-03	
1381	2.540000e+00	-2.98569e-03	2.985692e-03	
1382	2.560000e+00	-2.98574e-03	2.985739e-03	
1383	2.580000e+00	-2.98576e-03	2.985763e-03	
1384	2.600000e+00	-2.98578e-03	2.985776e-03	
1385	2.620000e+00	-2.98578e-03	2.985784e-03	
1386	2.640000e+00	-2.98579e-03	2.985789e-03	
1387	2.660000e+00	-2.98579e-03	2.985794e-03	
1388	2.680000e+00	-2.98580e-03	2.985798e-03	

Index   i-sweep         v1#branch       v_u_ic1#branch  
--------------------------------------------------------------------------------
1389	2.700000e+00	-2.98580e-03	2.985801e-03	
1390	2.720000e+00	-2.98580e-03	2.985805e-03	
1391	2.740000e+00	-2.98581e-03	2.985808e-03	
1392	2.760000e+00	-2.98581e-03	2.985812e-03	
1393	2.780000e+00	-2.98582e-03	2.985815e-03	
1394	2.800000e+00	-2.98582e-03	2.985819e-03	
1395	2.820000e+00	-2.98582e-03	2.985822e-03	
1396	2.840000e+00	-2.98583e-03	2.985826e-03	
1397	2.860000e+00	-2.98583e-03	2.985829e-03	
1398	2.880000e+00	-2.98583e-03	2.985832e-03	
1399	2.900000e+00	-2.98584e-03	2.985836e-03	
1400	2.920000e+00	-2.98584e-03	2.985839e-03	
1401	2.940000e+00	-2.98584e-03	2.985843e-03	
1402	2.960000e+00	-2.98585e-03	2.985846e-03	
1403	2.980000e+00	-2.98585e-03	2.985850e-03	
1404	3.000000e+00	-2.98585e-03	2.985853e-03	
1405	3.020000e+00	-2.98586e-03	2.985856e-03	
1406	3.040000e+00	-2.98586e-03	2.985860e-03	
1407	3.060000e+00	-2.98586e-03	2.985863e-03	
1408	3.080000e+00	-2.98587e-03	2.985867e-03	
1409	3.100000e+00	-2.98587e-03	2.985870e-03	
1410	3.120000e+00	-2.98587e-03	2.985874e-03	
1411	3.140000e+00	-2.98588e-03	2.985877e-03	
1412	3.160000e+00	-2.98588e-03	2.985880e-03	
1413	3.180000e+00	-2.98588e-03	2.985884e-03	
1414	3.200000e+00	-2.98589e-03	2.985887e-03	
1415	3.220000e+00	-2.98589e-03	2.985891e-03	
1416	3.240000e+00	-2.98589e-03	2.985894e-03	
1417	3.260000e+00	-2.98590e-03	2.985897e-03	
1418	3.280000e+00	-2.98590e-03	2.985901e-03	
1419	3.300000e+00	-2.98590e-03	2.985904e-03	
1420	3.320000e+00	-2.98591e-03	2.985908e-03	
1421	3.340000e+00	-2.98591e-03	2.985911e-03	
1422	3.360000e+00	-2.98591e-03	2.985914e-03	
1423	3.380000e+00	-2.98592e-03	2.985918e-03	
1424	3.400000e+00	-2.98592e-03	2.985921e-03	
1425	3.420000e+00	-2.98592e-03	2.985925e-03	
1426	3.440000e+00	-2.98593e-03	2.985928e-03	
1427	3.460000e+00	-2.98593e-03	2.985931e-03	
1428	3.480000e+00	-2.98593e-03	2.985935e-03	
1429	3.500000e+00	-2.98594e-03	2.985938e-03	
1430	3.520000e+00	-2.98594e-03	2.985941e-03	
1431	3.540000e+00	-2.98594e-03	2.985945e-03	
1432	3.560000e+00	-2.98595e-03	2.985948e-03	
1433	3.580000e+00	-2.98595e-03	2.985952e-03	
1434	3.600000e+00	-2.98595e-03	2.985955e-03	
1435	3.620000e+00	-2.98596e-03	2.985958e-03	
1436	3.640000e+00	-2.98596e-03	2.985962e-03	
1437	3.660000e+00	-2.98597e-03	2.985965e-03	
1438	3.680000e+00	-2.98597e-03	2.985968e-03	
1439	3.700000e+00	-2.98597e-03	2.985972e-03	
1440	3.720000e+00	-2.98598e-03	2.985975e-03	
1441	3.740000e+00	-2.98598e-03	2.985978e-03	
1442	3.760000e+00	-2.98598e-03	2.985982e-03	
1443	3.780000e+00	-2.98599e-03	2.985985e-03	
1444	3.800000e+00	-2.98599e-03	2.985989e-03	
1445	3.820000e+00	-2.98599e-03	2.985992e-03	
1446	3.840000e+00	-2.98600e-03	2.985995e-03	

Index   i-sweep         v1#branch       v_u_ic1#branch  
--------------------------------------------------------------------------------
1447	3.860000e+00	-2.98600e-03	2.985999e-03	
1448	3.880000e+00	-2.98600e-03	2.986002e-03	
1449	3.900000e+00	-2.98601e-03	2.986005e-03	
1450	3.920000e+00	-2.98601e-03	2.986009e-03	
1451	3.940000e+00	-2.98601e-03	2.986012e-03	
1452	3.960000e+00	-2.98602e-03	2.986015e-03	
1453	3.980000e+00	-2.98602e-03	2.986019e-03	
1454	4.000000e+00	-2.98602e-03	2.986022e-03	
1455	4.020000e+00	-2.98603e-03	2.986025e-03	
1456	4.040000e+00	-2.98603e-03	2.986029e-03	
1457	4.060000e+00	-2.98603e-03	2.986032e-03	
1458	4.080000e+00	-2.98604e-03	2.986035e-03	
1459	4.100000e+00	-2.98604e-03	2.986039e-03	
1460	4.120000e+00	-2.98604e-03	2.986042e-03	
1461	4.140000e+00	-2.98605e-03	2.986045e-03	
1462	4.160000e+00	-2.98605e-03	2.986049e-03	
1463	4.180000e+00	-2.98605e-03	2.986052e-03	
1464	4.200000e+00	-2.98606e-03	2.986055e-03	
1465	4.220000e+00	-2.98606e-03	2.986059e-03	
1466	4.240000e+00	-2.98606e-03	2.986062e-03	
1467	4.260000e+00	-2.98607e-03	2.986065e-03	
1468	4.280000e+00	-2.98607e-03	2.986068e-03	
1469	4.300000e+00	-2.98607e-03	2.986072e-03	
1470	4.320000e+00	-2.98608e-03	2.986075e-03	
1471	4.340000e+00	-2.98608e-03	2.986078e-03	
1472	4.360000e+00	-2.98608e-03	2.986082e-03	
1473	4.380000e+00	-2.98609e-03	2.986085e-03	
1474	4.400000e+00	-2.98609e-03	2.986088e-03	
1475	4.420000e+00	-2.98609e-03	2.986092e-03	
1476	4.440000e+00	-2.98609e-03	2.986095e-03	
1477	4.460000e+00	-2.98610e-03	2.986098e-03	
1478	4.480000e+00	-2.98610e-03	2.986102e-03	
1479	4.500000e+00	-2.98610e-03	2.986105e-03	
1480	4.520000e+00	-2.98611e-03	2.986108e-03	
1481	4.540000e+00	-2.98611e-03	2.986111e-03	
1482	4.560000e+00	-2.98611e-03	2.986115e-03	
1483	4.580000e+00	-2.98612e-03	2.986118e-03	
1484	4.600000e+00	-2.98612e-03	2.986121e-03	
1485	4.620000e+00	-2.98612e-03	2.986125e-03	
1486	4.640000e+00	-2.98613e-03	2.986128e-03	
1487	4.660000e+00	-2.98613e-03	2.986131e-03	
1488	4.680000e+00	-2.98613e-03	2.986134e-03	
1489	4.700000e+00	-2.98614e-03	2.986138e-03	
1490	4.720000e+00	-2.98614e-03	2.986141e-03	
1491	4.740000e+00	-2.98614e-03	2.986144e-03	
1492	4.760000e+00	-2.98615e-03	2.986147e-03	
1493	4.780000e+00	-2.98615e-03	2.986151e-03	
1494	4.800000e+00	-2.98615e-03	2.986154e-03	
1495	4.820000e+00	-2.98616e-03	2.986157e-03	
1496	4.840000e+00	-2.98616e-03	2.986161e-03	
1497	4.860000e+00	-2.98616e-03	2.986164e-03	
1498	4.880000e+00	-2.98617e-03	2.986167e-03	
1499	4.900000e+00	-2.98617e-03	2.986170e-03	
1500	4.920000e+00	-2.98617e-03	2.986174e-03	
1501	4.940000e+00	-2.98618e-03	2.986177e-03	
1502	4.960000e+00	-2.98618e-03	2.986180e-03	
1503	4.980000e+00	-2.98618e-03	2.986183e-03	
1504	5.000000e+00	-2.98619e-03	2.986187e-03	

Index   i-sweep         v1#branch       v_u_ic1#branch  
--------------------------------------------------------------------------------
1505	-1.00000e+00	2.283732e-04	-2.28373e-04	
1506	-9.80000e-01	2.087104e-04	-2.08710e-04	
1507	-9.60000e-01	1.890488e-04	-1.89049e-04	
1508	-9.40000e-01	1.693874e-04	-1.69387e-04	
1509	-9.20000e-01	1.497266e-04	-1.49727e-04	
1510	-9.00000e-01	1.300664e-04	-1.30066e-04	
1511	-8.80000e-01	1.104068e-04	-1.10407e-04	
1512	-8.60000e-01	9.074770e-05	-9.07477e-05	
1513	-8.40000e-01	7.108924e-05	-7.10892e-05	
1514	-8.20000e-01	5.143138e-05	-5.14314e-05	
1515	-8.00000e-01	3.177412e-05	-3.17741e-05	
1516	-7.80000e-01	1.211747e-05	-1.21175e-05	
1517	-7.60000e-01	-7.53856e-06	7.538556e-06	
1518	-7.40000e-01	-2.71940e-05	2.719396e-05	
1519	-7.20000e-01	-4.68487e-05	4.684874e-05	
1520	-7.00000e-01	-6.65029e-05	6.650289e-05	
1521	-6.80000e-01	-8.61564e-05	8.615639e-05	
1522	-6.60000e-01	-1.05809e-04	1.058092e-04	
1523	-6.40000e-01	-1.25461e-04	1.254614e-04	
1524	-6.20000e-01	-1.45113e-04	1.451130e-04	
1525	-6.00000e-01	-1.64764e-04	1.647639e-04	
1526	-5.80000e-01	-1.84414e-04	1.844141e-04	
1527	-5.60000e-01	-2.04064e-04	2.040636e-04	
1528	-5.40000e-01	-2.23712e-04	2.237124e-04	
1529	-5.20000e-01	-2.43361e-04	2.433605e-04	
1530	-5.00000e-01	-2.63008e-04	2.630080e-04	
1531	-4.80000e-01	-2.82655e-04	2.826547e-04	
1532	-4.60000e-01	-3.02301e-04	3.023007e-04	
1533	-4.40000e-01	-3.21946e-04	3.219460e-04	
1534	-4.20000e-01	-3.41591e-04	3.415905e-04	
1535	-4.00000e-01	-3.61234e-04	3.612343e-04	
1536	-3.80000e-01	-3.80877e-04	3.808774e-04	
1537	-3.60000e-01	-4.00520e-04	4.005197e-04	
1538	-3.40000e-01	-4.20161e-04	4.201612e-04	
1539	-3.20000e-01	-4.39802e-04	4.398020e-04	
1540	-3.00000e-01	-4.59442e-04	4.594420e-04	
1541	-2.80000e-01	-4.79081e-04	4.790812e-04	
1542	-2.60000e-01	-4.98720e-04	4.987195e-04	
1543	-2.40000e-01	-5.18357e-04	5.183571e-04	
1544	-2.20000e-01	-5.37994e-04	5.379939e-04	
1545	-2.00000e-01	-5.57630e-04	5.576298e-04	
1546	-1.80000e-01	-5.77265e-04	5.772649e-04	
1547	-1.60000e-01	-5.96899e-04	5.968992e-04	
1548	-1.40000e-01	-6.16533e-04	6.165326e-04	
1549	-1.20000e-01	-6.36165e-04	6.361651e-04	
1550	-1.00000e-01	-6.55797e-04	6.557968e-04	
1551	-8.00000e-02	-6.75428e-04	6.754276e-04	
1552	-6.00000e-02	-6.95057e-04	6.950574e-04	
1553	-4.00000e-02	-7.14686e-04	7.146864e-04	
1554	-2.00000e-02	-7.34314e-04	7.343145e-04	
1555	6.175616e-16	-7.53942e-04	7.539416e-04	
1556	2.000000e-02	-7.73568e-04	7.735678e-04	
1557	4.000000e-02	-7.93193e-04	7.931930e-04	
1558	6.000000e-02	-8.12817e-04	8.128173e-04	
1559	8.000000e-02	-8.32441e-04	8.324406e-04	
1560	1.000000e-01	-8.52063e-04	8.520629e-04	
1561	1.200000e-01	-8.71684e-04	8.716842e-04	
1562	1.400000e-01	-8.91305e-04	8.913046e-04	

Index   i-sweep         v1#branch       v_u_ic1#branch  
--------------------------------------------------------------------------------
1563	1.600000e-01	-9.10924e-04	9.109238e-04	
1564	1.800000e-01	-9.30542e-04	9.305421e-04	
1565	2.000000e-01	-9.50159e-04	9.501593e-04	
1566	2.200000e-01	-9.69775e-04	9.697754e-04	
1567	2.400000e-01	-9.89390e-04	9.893905e-04	
1568	2.600000e-01	-1.00900e-03	1.009004e-03	
1569	2.800000e-01	-1.02862e-03	1.028617e-03	
1570	3.000000e-01	-1.04823e-03	1.048229e-03	
1571	3.200000e-01	-1.06784e-03	1.067840e-03	
1572	3.400000e-01	-1.08745e-03	1.087449e-03	
1573	3.600000e-01	-1.10706e-03	1.107057e-03	
1574	3.800000e-01	-1.12666e-03	1.126664e-03	
1575	4.000000e-01	-1.14627e-03	1.146270e-03	
1576	4.200000e-01	-1.16588e-03	1.165875e-03	
1577	4.400000e-01	-1.18548e-03	1.185479e-03	
1578	4.600000e-01	-1.20508e-03	1.205081e-03	
1579	4.800000e-01	-1.22468e-03	1.224682e-03	
1580	5.000000e-01	-1.24428e-03	1.244281e-03	
1581	5.200000e-01	-1.26388e-03	1.263880e-03	
1582	5.400000e-01	-1.28348e-03	1.283477e-03	
1583	5.600000e-01	-1.30307e-03	1.303073e-03	
1584	5.800000e-01	-1.32267e-03	1.322667e-03	
1585	6.000000e-01	-1.34226e-03	1.342260e-03	
1586	6.200000e-01	-1.36185e-03	1.361852e-03	
1587	6.400000e-01	-1.38144e-03	1.381442e-03	
1588	6.600000e-01	-1.40103e-03	1.401030e-03	
1589	6.800000e-01	-1.42062e-03	1.420618e-03	
1590	7.000000e-01	-1.44020e-03	1.440203e-03	
1591	7.200000e-01	-1.45979e-03	1.459788e-03	
1592	7.400000e-01	-1.47937e-03	1.479370e-03	
1593	7.600000e-01	-1.49895e-03	1.498952e-03	
1594	7.800000e-01	-1.51853e-03	1.518531e-03	
1595	8.000000e-01	-1.53811e-03	1.538109e-03	
1596	8.200000e-01	-1.55769e-03	1.557686e-03	
1597	8.400000e-01	-1.57726e-03	1.577260e-03	
1598	8.600000e-01	-1.59683e-03	1.596834e-03	
1599	8.800000e-01	-1.61640e-03	1.616405e-03	
1600	9.000000e-01	-1.63597e-03	1.635974e-03	
1601	9.200000e-01	-1.65554e-03	1.655542e-03	
1602	9.400000e-01	-1.67511e-03	1.675108e-03	
1603	9.600000e-01	-1.69467e-03	1.694673e-03	
1604	9.800000e-01	-1.71424e-03	1.714235e-03	
1605	1.000000e+00	-1.73380e-03	1.733796e-03	
1606	1.020000e+00	-1.75335e-03	1.753354e-03	
1607	1.040000e+00	-1.77291e-03	1.772911e-03	
1608	1.060000e+00	-1.79247e-03	1.792465e-03	
1609	1.080000e+00	-1.81202e-03	1.812018e-03	
1610	1.100000e+00	-1.83157e-03	1.831569e-03	
1611	1.120000e+00	-1.85112e-03	1.851117e-03	
1612	1.140000e+00	-1.87066e-03	1.870664e-03	
1613	1.160000e+00	-1.89021e-03	1.890208e-03	
1614	1.180000e+00	-1.90975e-03	1.909750e-03	
1615	1.200000e+00	-1.92929e-03	1.929289e-03	
1616	1.220000e+00	-1.94883e-03	1.948827e-03	
1617	1.240000e+00	-1.96836e-03	1.968362e-03	
1618	1.260000e+00	-1.98789e-03	1.987895e-03	
1619	1.280000e+00	-2.00742e-03	2.007425e-03	
1620	1.300000e+00	-2.02695e-03	2.026953e-03	

Index   i-sweep         v1#branch       v_u_ic1#branch  
--------------------------------------------------------------------------------
1621	1.320000e+00	-2.04648e-03	2.046478e-03	
1622	1.340000e+00	-2.06600e-03	2.066001e-03	
1623	1.360000e+00	-2.08552e-03	2.085521e-03	
1624	1.380000e+00	-2.10504e-03	2.105038e-03	
1625	1.400000e+00	-2.12455e-03	2.124553e-03	
1626	1.420000e+00	-2.14406e-03	2.144065e-03	
1627	1.440000e+00	-2.16357e-03	2.163574e-03	
1628	1.460000e+00	-2.18308e-03	2.183080e-03	
1629	1.480000e+00	-2.20258e-03	2.202583e-03	
1630	1.500000e+00	-2.22208e-03	2.222084e-03	
1631	1.520000e+00	-2.24158e-03	2.241581e-03	
1632	1.540000e+00	-2.26107e-03	2.261074e-03	
1633	1.560000e+00	-2.28057e-03	2.280565e-03	
1634	1.580000e+00	-2.30005e-03	2.300052e-03	
1635	1.600000e+00	-2.31954e-03	2.319536e-03	
1636	1.620000e+00	-2.33902e-03	2.339017e-03	
1637	1.640000e+00	-2.35849e-03	2.358494e-03	
1638	1.660000e+00	-2.37797e-03	2.377967e-03	
1639	1.680000e+00	-2.39744e-03	2.397437e-03	
1640	1.700000e+00	-2.41690e-03	2.416903e-03	
1641	1.720000e+00	-2.43636e-03	2.436364e-03	
1642	1.740000e+00	-2.45582e-03	2.455822e-03	
1643	1.760000e+00	-2.47528e-03	2.475276e-03	
1644	1.780000e+00	-2.49473e-03	2.494726e-03	
1645	1.800000e+00	-2.51417e-03	2.514171e-03	
1646	1.820000e+00	-2.53361e-03	2.533612e-03	
1647	1.840000e+00	-2.55305e-03	2.553048e-03	
1648	1.860000e+00	-2.57248e-03	2.572480e-03	
1649	1.880000e+00	-2.59191e-03	2.591907e-03	
1650	1.900000e+00	-2.61133e-03	2.611329e-03	
1651	1.920000e+00	-2.63075e-03	2.630746e-03	
1652	1.940000e+00	-2.65016e-03	2.650158e-03	
1653	1.960000e+00	-2.66956e-03	2.669564e-03	
1654	1.980000e+00	-2.68896e-03	2.688965e-03	
1655	2.000000e+00	-2.70836e-03	2.708360e-03	
1656	2.020000e+00	-2.72775e-03	2.727750e-03	
1657	2.040000e+00	-2.74713e-03	2.747133e-03	
1658	2.060000e+00	-2.76651e-03	2.766510e-03	
1659	2.080000e+00	-2.78588e-03	2.785881e-03	
1660	2.100000e+00	-2.80525e-03	2.805246e-03	
1661	2.120000e+00	-2.82460e-03	2.824603e-03	
1662	2.140000e+00	-2.84395e-03	2.843954e-03	
1663	2.160000e+00	-2.86330e-03	2.863297e-03	
1664	2.180000e+00	-2.88263e-03	2.882633e-03	
1665	2.200000e+00	-2.90196e-03	2.901961e-03	
1666	2.220000e+00	-2.92128e-03	2.921281e-03	
1667	2.240000e+00	-2.94059e-03	2.940593e-03	
1668	2.260000e+00	-2.95990e-03	2.959896e-03	
1669	2.280000e+00	-2.97919e-03	2.979190e-03	
1670	2.300000e+00	-2.99848e-03	2.998475e-03	
1671	2.320000e+00	-3.01775e-03	3.017751e-03	
1672	2.340000e+00	-3.03702e-03	3.037016e-03	
1673	2.360000e+00	-3.05627e-03	3.056271e-03	
1674	2.380000e+00	-3.07552e-03	3.075515e-03	
1675	2.400000e+00	-3.09475e-03	3.094748e-03	
1676	2.420000e+00	-3.11397e-03	3.113970e-03	
1677	2.440000e+00	-3.13318e-03	3.133179e-03	
1678	2.460000e+00	-3.15238e-03	3.152375e-03	

Index   i-sweep         v1#branch       v_u_ic1#branch  
--------------------------------------------------------------------------------
1679	2.480000e+00	-3.17156e-03	3.171559e-03	
1680	2.500000e+00	-3.19073e-03	3.190728e-03	
1681	2.520000e+00	-3.20988e-03	3.209882e-03	
1682	2.540000e+00	-3.22902e-03	3.229022e-03	
1683	2.560000e+00	-3.24815e-03	3.248145e-03	
1684	2.580000e+00	-3.26725e-03	3.267252e-03	
1685	2.600000e+00	-3.28634e-03	3.286341e-03	
1686	2.620000e+00	-3.30541e-03	3.305411e-03	
1687	2.640000e+00	-3.32446e-03	3.324462e-03	
1688	2.660000e+00	-3.34349e-03	3.343492e-03	
1689	2.680000e+00	-3.36250e-03	3.362500e-03	
1690	2.700000e+00	-3.38149e-03	3.381485e-03	
1691	2.720000e+00	-3.40045e-03	3.400446e-03	
1692	2.740000e+00	-3.41938e-03	3.419380e-03	
1693	2.760000e+00	-3.43829e-03	3.438287e-03	
1694	2.780000e+00	-3.45716e-03	3.457164e-03	
1695	2.800000e+00	-3.47601e-03	3.476009e-03	
1696	2.820000e+00	-3.49482e-03	3.494821e-03	
1697	2.840000e+00	-3.51360e-03	3.513596e-03	
1698	2.860000e+00	-3.53233e-03	3.532333e-03	
1699	2.880000e+00	-3.55103e-03	3.551027e-03	
1700	2.900000e+00	-3.56968e-03	3.569676e-03	
1701	2.920000e+00	-3.58828e-03	3.588276e-03	
1702	2.940000e+00	-3.60682e-03	3.606822e-03	
1703	2.960000e+00	-3.62531e-03	3.625309e-03	
1704	2.980000e+00	-3.64373e-03	3.643732e-03	
1705	3.000000e+00	-3.66208e-03	3.662085e-03	
1706	3.020000e+00	-3.68036e-03	3.680360e-03	
1707	3.040000e+00	-3.69855e-03	3.698548e-03	
1708	3.060000e+00	-3.71664e-03	3.716639e-03	
1709	3.080000e+00	-3.73462e-03	3.734622e-03	
1710	3.100000e+00	-3.75248e-03	3.752483e-03	
1711	3.120000e+00	-3.77020e-03	3.770205e-03	
1712	3.140000e+00	-3.78777e-03	3.787767e-03	
1713	3.160000e+00	-3.80514e-03	3.805145e-03	
1714	3.180000e+00	-3.82231e-03	3.822308e-03	
1715	3.200000e+00	-3.83922e-03	3.839217e-03	
1716	3.220000e+00	-3.85582e-03	3.855825e-03	
1717	3.240000e+00	-3.87207e-03	3.872067e-03	
1718	3.260000e+00	-3.88786e-03	3.887863e-03	
1719	3.280000e+00	-3.90310e-03	3.903103e-03	
1720	3.300000e+00	-3.91764e-03	3.917642e-03	
1721	3.320000e+00	-3.93128e-03	3.931284e-03	
1722	3.340000e+00	-3.94377e-03	3.943768e-03	
1723	3.360000e+00	-3.95476e-03	3.954762e-03	
1724	3.380000e+00	-3.96389e-03	3.963894e-03	
1725	3.400000e+00	-3.97085e-03	3.970855e-03	
1726	3.420000e+00	-3.97560e-03	3.975600e-03	
1727	3.440000e+00	-3.97847e-03	3.978467e-03	
1728	3.460000e+00	-3.98003e-03	3.980029e-03	
1729	3.480000e+00	-3.98082e-03	3.980821e-03	
1730	3.500000e+00	-3.98121e-03	3.981206e-03	
1731	3.520000e+00	-3.98139e-03	3.981391e-03	
1732	3.540000e+00	-3.98148e-03	3.981479e-03	
1733	3.560000e+00	-3.98152e-03	3.981522e-03	
1734	3.580000e+00	-3.98154e-03	3.981545e-03	
1735	3.600000e+00	-3.98156e-03	3.981558e-03	
1736	3.620000e+00	-3.98157e-03	3.981566e-03	

Index   i-sweep         v1#branch       v_u_ic1#branch  
--------------------------------------------------------------------------------
1737	3.640000e+00	-3.98157e-03	3.981572e-03	
1738	3.660000e+00	-3.98158e-03	3.981578e-03	
1739	3.680000e+00	-3.98158e-03	3.981583e-03	
1740	3.700000e+00	-3.98159e-03	3.981587e-03	
1741	3.720000e+00	-3.98159e-03	3.981592e-03	
1742	3.740000e+00	-3.98160e-03	3.981596e-03	
1743	3.760000e+00	-3.98160e-03	3.981601e-03	
1744	3.780000e+00	-3.98161e-03	3.981605e-03	
1745	3.800000e+00	-3.98161e-03	3.981610e-03	
1746	3.820000e+00	-3.98161e-03	3.981614e-03	
1747	3.840000e+00	-3.98162e-03	3.981619e-03	
1748	3.860000e+00	-3.98162e-03	3.981623e-03	
1749	3.880000e+00	-3.98163e-03	3.981628e-03	
1750	3.900000e+00	-3.98163e-03	3.981632e-03	
1751	3.920000e+00	-3.98164e-03	3.981637e-03	
1752	3.940000e+00	-3.98164e-03	3.981641e-03	
1753	3.960000e+00	-3.98165e-03	3.981646e-03	
1754	3.980000e+00	-3.98165e-03	3.981650e-03	
1755	4.000000e+00	-3.98165e-03	3.981655e-03	
1756	4.020000e+00	-3.98166e-03	3.981659e-03	
1757	4.040000e+00	-3.98166e-03	3.981664e-03	
1758	4.060000e+00	-3.98167e-03	3.981668e-03	
1759	4.080000e+00	-3.98167e-03	3.981673e-03	
1760	4.100000e+00	-3.98168e-03	3.981677e-03	
1761	4.120000e+00	-3.98168e-03	3.981682e-03	
1762	4.140000e+00	-3.98169e-03	3.981686e-03	
1763	4.160000e+00	-3.98169e-03	3.981691e-03	
1764	4.180000e+00	-3.98169e-03	3.981695e-03	
1765	4.200000e+00	-3.98170e-03	3.981699e-03	
1766	4.220000e+00	-3.98170e-03	3.981704e-03	
1767	4.240000e+00	-3.98171e-03	3.981708e-03	
1768	4.260000e+00	-3.98171e-03	3.981713e-03	
1769	4.280000e+00	-3.98172e-03	3.981717e-03	
1770	4.300000e+00	-3.98172e-03	3.981722e-03	
1771	4.320000e+00	-3.98173e-03	3.981726e-03	
1772	4.340000e+00	-3.98173e-03	3.981731e-03	
1773	4.360000e+00	-3.98173e-03	3.981735e-03	
1774	4.380000e+00	-3.98174e-03	3.981739e-03	
1775	4.400000e+00	-3.98174e-03	3.981744e-03	
1776	4.420000e+00	-3.98175e-03	3.981748e-03	
1777	4.440000e+00	-3.98175e-03	3.981753e-03	
1778	4.460000e+00	-3.98176e-03	3.981757e-03	
1779	4.480000e+00	-3.98176e-03	3.981762e-03	
1780	4.500000e+00	-3.98177e-03	3.981766e-03	
1781	4.520000e+00	-3.98177e-03	3.981770e-03	
1782	4.540000e+00	-3.98177e-03	3.981775e-03	
1783	4.560000e+00	-3.98178e-03	3.981779e-03	
1784	4.580000e+00	-3.98178e-03	3.981784e-03	
1785	4.600000e+00	-3.98179e-03	3.981788e-03	
1786	4.620000e+00	-3.98179e-03	3.981792e-03	
1787	4.640000e+00	-3.98180e-03	3.981797e-03	
1788	4.660000e+00	-3.98180e-03	3.981801e-03	
1789	4.680000e+00	-3.98181e-03	3.981806e-03	
1790	4.700000e+00	-3.98181e-03	3.981810e-03	
1791	4.720000e+00	-3.98181e-03	3.981814e-03	
1792	4.740000e+00	-3.98182e-03	3.981819e-03	
1793	4.760000e+00	-3.98182e-03	3.981823e-03	
1794	4.780000e+00	-3.98183e-03	3.981828e-03	

Index   i-sweep         v1#branch       v_u_ic1#branch  
--------------------------------------------------------------------------------
1795	4.800000e+00	-3.98183e-03	3.981832e-03	
1796	4.820000e+00	-3.98184e-03	3.981836e-03	
1797	4.840000e+00	-3.98184e-03	3.981841e-03	
1798	4.860000e+00	-3.98185e-03	3.981845e-03	
1799	4.880000e+00	-3.98185e-03	3.981849e-03	
1800	4.900000e+00	-3.98185e-03	3.981854e-03	
1801	4.920000e+00	-3.98186e-03	3.981858e-03	
1802	4.940000e+00	-3.98186e-03	3.981863e-03	
1803	4.960000e+00	-3.98187e-03	3.981867e-03	
1804	4.980000e+00	-3.98187e-03	3.981871e-03	
1805	5.000000e+00	-3.98188e-03	3.981876e-03	
1806	-1.00000e+00	2.131180e-04	-2.13118e-04	
1807	-9.80000e-01	1.934327e-04	-1.93433e-04	
1808	-9.60000e-01	1.737482e-04	-1.73748e-04	
1809	-9.40000e-01	1.540639e-04	-1.54064e-04	
1810	-9.20000e-01	1.343799e-04	-1.34380e-04	
1811	-9.00000e-01	1.146963e-04	-1.14696e-04	
1812	-8.80000e-01	9.501310e-05	-9.50131e-05	
1813	-8.60000e-01	7.533028e-05	-7.53303e-05	
1814	-8.40000e-01	5.564784e-05	-5.56478e-05	
1815	-8.20000e-01	3.596579e-05	-3.59658e-05	
1816	-8.00000e-01	1.628414e-05	-1.62841e-05	
1817	-7.80000e-01	-3.39712e-06	3.397122e-06	
1818	-7.60000e-01	-2.30780e-05	2.307798e-05	
1819	-7.40000e-01	-4.27584e-05	4.275844e-05	
1820	-7.20000e-01	-6.24385e-05	6.243849e-05	
1821	-7.00000e-01	-8.21181e-05	8.211814e-05	
1822	-6.80000e-01	-1.01797e-04	1.017974e-04	
1823	-6.60000e-01	-1.21476e-04	1.214762e-04	
1824	-6.40000e-01	-1.41155e-04	1.411546e-04	
1825	-6.20000e-01	-1.60833e-04	1.608326e-04	
1826	-6.00000e-01	-1.80510e-04	1.805101e-04	
1827	-5.80000e-01	-2.00187e-04	2.001872e-04	
1828	-5.60000e-01	-2.19864e-04	2.198639e-04	
1829	-5.40000e-01	-2.39540e-04	2.395402e-04	
1830	-5.20000e-01	-2.59216e-04	2.592160e-04	
1831	-5.00000e-01	-2.78891e-04	2.788914e-04	
1832	-4.80000e-01	-2.98566e-04	2.985663e-04	
1833	-4.60000e-01	-3.18241e-04	3.182408e-04	
1834	-4.40000e-01	-3.37915e-04	3.379148e-04	
1835	-4.20000e-01	-3.57588e-04	3.575884e-04	
1836	-4.00000e-01	-3.77261e-04	3.772615e-04	
1837	-3.80000e-01	-3.96934e-04	3.969341e-04	
1838	-3.60000e-01	-4.16606e-04	4.166063e-04	
1839	-3.40000e-01	-4.36278e-04	4.362780e-04	
1840	-3.20000e-01	-4.55949e-04	4.559492e-04	
1841	-3.00000e-01	-4.75620e-04	4.756199e-04	
1842	-2.80000e-01	-4.95290e-04	4.952902e-04	
1843	-2.60000e-01	-5.14960e-04	5.149599e-04	
1844	-2.40000e-01	-5.34629e-04	5.346292e-04	
1845	-2.20000e-01	-5.54298e-04	5.542980e-04	
1846	-2.00000e-01	-5.73966e-04	5.739662e-04	
1847	-1.80000e-01	-5.93634e-04	5.936340e-04	
1848	-1.60000e-01	-6.13301e-04	6.133012e-04	
1849	-1.40000e-01	-6.32968e-04	6.329680e-04	
1850	-1.20000e-01	-6.52634e-04	6.526342e-04	
1851	-1.00000e-01	-6.72300e-04	6.722998e-04	
1852	-8.00000e-02	-6.91965e-04	6.919650e-04	

Index   i-sweep         v1#branch       v_u_ic1#branch  
--------------------------------------------------------------------------------
1853	-6.00000e-02	-7.11630e-04	7.116296e-04	
1854	-4.00000e-02	-7.31294e-04	7.312937e-04	
1855	-2.00000e-02	-7.50957e-04	7.509572e-04	
1856	6.175616e-16	-7.70620e-04	7.706202e-04	
1857	2.000000e-02	-7.90283e-04	7.902826e-04	
1858	4.000000e-02	-8.09944e-04	8.099444e-04	
1859	6.000000e-02	-8.29606e-04	8.296057e-04	
1860	8.000000e-02	-8.49266e-04	8.492664e-04	
1861	1.000000e-01	-8.68927e-04	8.689266e-04	
1862	1.200000e-01	-8.88586e-04	8.885861e-04	
1863	1.400000e-01	-9.08245e-04	9.082451e-04	
1864	1.600000e-01	-9.27903e-04	9.279035e-04	
1865	1.800000e-01	-9.47561e-04	9.475612e-04	
1866	2.000000e-01	-9.67218e-04	9.672184e-04	
1867	2.200000e-01	-9.86875e-04	9.868750e-04	
1868	2.400000e-01	-1.00653e-03	1.006531e-03	
1869	2.600000e-01	-1.02619e-03	1.026186e-03	
1870	2.800000e-01	-1.04584e-03	1.045841e-03	
1871	3.000000e-01	-1.06549e-03	1.065495e-03	
1872	3.200000e-01	-1.08515e-03	1.085148e-03	
1873	3.400000e-01	-1.10480e-03	1.104801e-03	
1874	3.600000e-01	-1.12445e-03	1.124453e-03	
1875	3.800000e-01	-1.14410e-03	1.144105e-03	
1876	4.000000e-01	-1.16376e-03	1.163755e-03	
1877	4.200000e-01	-1.18341e-03	1.183406e-03	
1878	4.400000e-01	-1.20305e-03	1.203055e-03	
1879	4.600000e-01	-1.22270e-03	1.222704e-03	
1880	4.800000e-01	-1.24235e-03	1.242352e-03	
1881	5.000000e-01	-1.26200e-03	1.261999e-03	
1882	5.200000e-01	-1.28165e-03	1.281646e-03	
1883	5.400000e-01	-1.30129e-03	1.301292e-03	
1884	5.600000e-01	-1.32094e-03	1.320937e-03	
1885	5.800000e-01	-1.34058e-03	1.340581e-03	
1886	6.000000e-01	-1.36022e-03	1.360225e-03	
1887	6.200000e-01	-1.37987e-03	1.379868e-03	
1888	6.400000e-01	-1.39951e-03	1.399510e-03	
1889	6.600000e-01	-1.41915e-03	1.419151e-03	
1890	6.800000e-01	-1.43879e-03	1.438792e-03	
1891	7.000000e-01	-1.45843e-03	1.458432e-03	
1892	7.200000e-01	-1.47807e-03	1.478071e-03	
1893	7.400000e-01	-1.49771e-03	1.497709e-03	
1894	7.600000e-01	-1.51735e-03	1.517347e-03	
1895	7.800000e-01	-1.53698e-03	1.536983e-03	
1896	8.000000e-01	-1.55662e-03	1.556619e-03	
1897	8.200000e-01	-1.57625e-03	1.576254e-03	
1898	8.400000e-01	-1.59589e-03	1.595888e-03	
1899	8.600000e-01	-1.61552e-03	1.615522e-03	
1900	8.800000e-01	-1.63515e-03	1.635154e-03	
1901	9.000000e-01	-1.65479e-03	1.654786e-03	
1902	9.200000e-01	-1.67442e-03	1.674416e-03	
1903	9.400000e-01	-1.69405e-03	1.694046e-03	
1904	9.600000e-01	-1.71367e-03	1.713675e-03	
1905	9.800000e-01	-1.73330e-03	1.733303e-03	
1906	1.000000e+00	-1.75293e-03	1.752930e-03	
1907	1.020000e+00	-1.77256e-03	1.772556e-03	
1908	1.040000e+00	-1.79218e-03	1.792181e-03	
1909	1.060000e+00	-1.81181e-03	1.811805e-03	
1910	1.080000e+00	-1.83143e-03	1.831428e-03	

Index   i-sweep         v1#branch       v_u_ic1#branch  
--------------------------------------------------------------------------------
1911	1.100000e+00	-1.85105e-03	1.851050e-03	
1912	1.120000e+00	-1.87067e-03	1.870672e-03	
1913	1.140000e+00	-1.89029e-03	1.890292e-03	
1914	1.160000e+00	-1.90991e-03	1.909911e-03	
1915	1.180000e+00	-1.92953e-03	1.929529e-03	
1916	1.200000e+00	-1.94915e-03	1.949146e-03	
1917	1.220000e+00	-1.96876e-03	1.968762e-03	
1918	1.240000e+00	-1.98838e-03	1.988377e-03	
1919	1.260000e+00	-2.00799e-03	2.007991e-03	
1920	1.280000e+00	-2.02760e-03	2.027603e-03	
1921	1.300000e+00	-2.04721e-03	2.047215e-03	
1922	1.320000e+00	-2.06683e-03	2.066825e-03	
1923	1.340000e+00	-2.08643e-03	2.086435e-03	
1924	1.360000e+00	-2.10604e-03	2.106043e-03	
1925	1.380000e+00	-2.12565e-03	2.125650e-03	
1926	1.400000e+00	-2.14526e-03	2.145255e-03	
1927	1.420000e+00	-2.16486e-03	2.164860e-03	
1928	1.440000e+00	-2.18446e-03	2.184463e-03	
1929	1.460000e+00	-2.20407e-03	2.204065e-03	
1930	1.480000e+00	-2.22367e-03	2.223666e-03	
1931	1.500000e+00	-2.24327e-03	2.243265e-03	
1932	1.520000e+00	-2.26286e-03	2.262864e-03	
1933	1.540000e+00	-2.28246e-03	2.282461e-03	
1934	1.560000e+00	-2.30206e-03	2.302056e-03	
1935	1.580000e+00	-2.32165e-03	2.321650e-03	
1936	1.600000e+00	-2.34124e-03	2.341243e-03	
1937	1.620000e+00	-2.36083e-03	2.360834e-03	
1938	1.640000e+00	-2.38042e-03	2.380424e-03	
1939	1.660000e+00	-2.40001e-03	2.400013e-03	
1940	1.680000e+00	-2.41960e-03	2.419600e-03	
1941	1.700000e+00	-2.43919e-03	2.439185e-03	
1942	1.720000e+00	-2.45877e-03	2.458769e-03	
1943	1.740000e+00	-2.47835e-03	2.478352e-03	
1944	1.760000e+00	-2.49793e-03	2.497933e-03	
1945	1.780000e+00	-2.51751e-03	2.517512e-03	
1946	1.800000e+00	-2.53709e-03	2.537090e-03	
1947	1.820000e+00	-2.55667e-03	2.556666e-03	
1948	1.840000e+00	-2.57624e-03	2.576241e-03	
1949	1.860000e+00	-2.59581e-03	2.595814e-03	
1950	1.880000e+00	-2.61538e-03	2.615385e-03	
1951	1.900000e+00	-2.63495e-03	2.634954e-03	
1952	1.920000e+00	-2.65452e-03	2.654522e-03	
1953	1.940000e+00	-2.67409e-03	2.674087e-03	
1954	1.960000e+00	-2.69365e-03	2.693651e-03	
1955	1.980000e+00	-2.71321e-03	2.713213e-03	
1956	2.000000e+00	-2.73277e-03	2.732774e-03	
1957	2.020000e+00	-2.75233e-03	2.752332e-03	
1958	2.040000e+00	-2.77189e-03	2.771888e-03	
1959	2.060000e+00	-2.79144e-03	2.791443e-03	
1960	2.080000e+00	-2.81100e-03	2.810995e-03	
1961	2.100000e+00	-2.83055e-03	2.830545e-03	
1962	2.120000e+00	-2.85009e-03	2.850093e-03	
1963	2.140000e+00	-2.86964e-03	2.869640e-03	
1964	2.160000e+00	-2.88918e-03	2.889183e-03	
1965	2.180000e+00	-2.90873e-03	2.908725e-03	
1966	2.200000e+00	-2.92826e-03	2.928264e-03	
1967	2.220000e+00	-2.94780e-03	2.947802e-03	
1968	2.240000e+00	-2.96734e-03	2.967336e-03	

Index   i-sweep         v1#branch       v_u_ic1#branch  
--------------------------------------------------------------------------------
1969	2.260000e+00	-2.98687e-03	2.986869e-03	
1970	2.280000e+00	-3.00640e-03	3.006399e-03	
1971	2.300000e+00	-3.02593e-03	3.025926e-03	
1972	2.320000e+00	-3.04545e-03	3.045451e-03	
1973	2.340000e+00	-3.06497e-03	3.064973e-03	
1974	2.360000e+00	-3.08449e-03	3.084493e-03	
1975	2.380000e+00	-3.10401e-03	3.104010e-03	
1976	2.400000e+00	-3.12352e-03	3.123524e-03	
1977	2.420000e+00	-3.14304e-03	3.143036e-03	
1978	2.440000e+00	-3.16254e-03	3.162544e-03	
1979	2.460000e+00	-3.18205e-03	3.182050e-03	
1980	2.480000e+00	-3.20155e-03	3.201553e-03	
1981	2.500000e+00	-3.22105e-03	3.221052e-03	
1982	2.520000e+00	-3.24055e-03	3.240549e-03	
1983	2.540000e+00	-3.26004e-03	3.260042e-03	
1984	2.560000e+00	-3.27953e-03	3.279533e-03	
1985	2.580000e+00	-3.29902e-03	3.299019e-03	
1986	2.600000e+00	-3.31850e-03	3.318503e-03	
1987	2.620000e+00	-3.33798e-03	3.337983e-03	
1988	2.640000e+00	-3.35746e-03	3.357459e-03	
1989	2.660000e+00	-3.37693e-03	3.376932e-03	
1990	2.680000e+00	-3.39640e-03	3.396401e-03	
1991	2.700000e+00	-3.41587e-03	3.415866e-03	
1992	2.720000e+00	-3.43533e-03	3.435327e-03	
1993	2.740000e+00	-3.45478e-03	3.454785e-03	
1994	2.760000e+00	-3.47424e-03	3.474238e-03	
1995	2.780000e+00	-3.49369e-03	3.493687e-03	
1996	2.800000e+00	-3.51313e-03	3.513132e-03	
1997	2.820000e+00	-3.53257e-03	3.532572e-03	
1998	2.840000e+00	-3.55201e-03	3.552007e-03	
1999	2.860000e+00	-3.57144e-03	3.571438e-03	
2000	2.880000e+00	-3.59086e-03	3.590865e-03	
2001	2.900000e+00	-3.61029e-03	3.610286e-03	
2002	2.920000e+00	-3.62970e-03	3.629702e-03	
2003	2.940000e+00	-3.64911e-03	3.649113e-03	
2004	2.960000e+00	-3.66852e-03	3.668518e-03	
2005	2.980000e+00	-3.68792e-03	3.687919e-03	
2006	3.000000e+00	-3.70731e-03	3.707313e-03	
2007	3.020000e+00	-3.72670e-03	3.726702e-03	
2008	3.040000e+00	-3.74608e-03	3.746084e-03	
2009	3.060000e+00	-3.76546e-03	3.765460e-03	
2010	3.080000e+00	-3.78483e-03	3.784830e-03	
2011	3.100000e+00	-3.80419e-03	3.804194e-03	
2012	3.120000e+00	-3.82355e-03	3.823550e-03	
2013	3.140000e+00	-3.84290e-03	3.842899e-03	
2014	3.160000e+00	-3.86224e-03	3.862242e-03	
2015	3.180000e+00	-3.88158e-03	3.881576e-03	
2016	3.200000e+00	-3.90090e-03	3.900903e-03	
2017	3.220000e+00	-3.92022e-03	3.920222e-03	
2018	3.240000e+00	-3.93953e-03	3.939532e-03	
2019	3.260000e+00	-3.95883e-03	3.958834e-03	
2020	3.280000e+00	-3.97813e-03	3.978127e-03	
2021	3.300000e+00	-3.99741e-03	3.997410e-03	
2022	3.320000e+00	-4.01668e-03	4.016684e-03	
2023	3.340000e+00	-4.03595e-03	4.035948e-03	
2024	3.360000e+00	-4.05520e-03	4.055202e-03	
2025	3.380000e+00	-4.07444e-03	4.074444e-03	
2026	3.400000e+00	-4.09368e-03	4.093675e-03	

Index   i-sweep         v1#branch       v_u_ic1#branch  
--------------------------------------------------------------------------------
2027	3.420000e+00	-4.11289e-03	4.112895e-03	
2028	3.440000e+00	-4.13210e-03	4.132102e-03	
2029	3.460000e+00	-4.15130e-03	4.151297e-03	
2030	3.480000e+00	-4.17048e-03	4.170478e-03	
2031	3.500000e+00	-4.18964e-03	4.189645e-03	
2032	3.520000e+00	-4.20880e-03	4.208797e-03	
2033	3.540000e+00	-4.22793e-03	4.227934e-03	
2034	3.560000e+00	-4.24705e-03	4.247055e-03	
2035	3.580000e+00	-4.26616e-03	4.266159e-03	
2036	3.600000e+00	-4.28524e-03	4.285245e-03	
2037	3.620000e+00	-4.30431e-03	4.304312e-03	
2038	3.640000e+00	-4.32336e-03	4.323360e-03	
2039	3.660000e+00	-4.34239e-03	4.342386e-03	
2040	3.680000e+00	-4.36139e-03	4.361391e-03	
2041	3.700000e+00	-4.38037e-03	4.380372e-03	
2042	3.720000e+00	-4.39933e-03	4.399329e-03	
2043	3.740000e+00	-4.41826e-03	4.418259e-03	
2044	3.760000e+00	-4.43716e-03	4.437161e-03	
2045	3.780000e+00	-4.45603e-03	4.456033e-03	
2046	3.800000e+00	-4.47487e-03	4.474873e-03	
2047	3.820000e+00	-4.49368e-03	4.493679e-03	
2048	3.840000e+00	-4.51245e-03	4.512449e-03	
2049	3.860000e+00	-4.53118e-03	4.531179e-03	
2050	3.880000e+00	-4.54987e-03	4.549866e-03	
2051	3.900000e+00	-4.56851e-03	4.568507e-03	
2052	3.920000e+00	-4.58710e-03	4.587099e-03	
2053	3.940000e+00	-4.60564e-03	4.605636e-03	
2054	3.960000e+00	-4.62411e-03	4.624113e-03	
2055	3.980000e+00	-4.64253e-03	4.642526e-03	
2056	4.000000e+00	-4.66087e-03	4.660866e-03	
2057	4.020000e+00	-4.67913e-03	4.679128e-03	
2058	4.040000e+00	-4.69730e-03	4.697301e-03	
2059	4.060000e+00	-4.71538e-03	4.715376e-03	
2060	4.080000e+00	-4.73334e-03	4.733341e-03	
2061	4.100000e+00	-4.75118e-03	4.751181e-03	
2062	4.120000e+00	-4.76888e-03	4.768878e-03	
2063	4.140000e+00	-4.78641e-03	4.786413e-03	
2064	4.160000e+00	-4.80376e-03	4.803758e-03	
2065	4.180000e+00	-4.82088e-03	4.820883e-03	
2066	4.200000e+00	-4.83775e-03	4.837748e-03	
2067	4.220000e+00	-4.85430e-03	4.854301e-03	
2068	4.240000e+00	-4.87048e-03	4.870478e-03	
2069	4.260000e+00	-4.88619e-03	4.886193e-03	
2070	4.280000e+00	-4.90133e-03	4.901331e-03	
2071	4.300000e+00	-4.91574e-03	4.915741e-03	
2072	4.320000e+00	-4.92922e-03	4.929216e-03	
2073	4.340000e+00	-4.94148e-03	4.941485e-03	
2074	4.360000e+00	-4.95220e-03	4.952205e-03	
2075	4.380000e+00	-4.96100e-03	4.961004e-03	
2076	4.400000e+00	-4.96760e-03	4.967602e-03	
2077	4.420000e+00	-4.97201e-03	4.972014e-03	
2078	4.440000e+00	-4.97463e-03	4.974631e-03	
2079	4.460000e+00	-4.97604e-03	4.976038e-03	
2080	4.480000e+00	-4.97675e-03	4.976746e-03	
2081	4.500000e+00	-4.97709e-03	4.977089e-03	
2082	4.520000e+00	-4.97725e-03	4.977254e-03	
2083	4.540000e+00	-4.97733e-03	4.977334e-03	
2084	4.560000e+00	-4.97737e-03	4.977373e-03	

Index   i-sweep         v1#branch       v_u_ic1#branch  
--------------------------------------------------------------------------------
2085	4.580000e+00	-4.97739e-03	4.977395e-03	
2086	4.600000e+00	-4.97741e-03	4.977408e-03	
2087	4.620000e+00	-4.97742e-03	4.977417e-03	
2088	4.640000e+00	-4.97742e-03	4.977424e-03	
2089	4.660000e+00	-4.97743e-03	4.977430e-03	
2090	4.680000e+00	-4.97744e-03	4.977436e-03	
2091	4.700000e+00	-4.97744e-03	4.977442e-03	
2092	4.720000e+00	-4.97745e-03	4.977447e-03	
2093	4.740000e+00	-4.97745e-03	4.977453e-03	
2094	4.760000e+00	-4.97746e-03	4.977459e-03	
2095	4.780000e+00	-4.97746e-03	4.977464e-03	
2096	4.800000e+00	-4.97747e-03	4.977470e-03	
2097	4.820000e+00	-4.97748e-03	4.977475e-03	
2098	4.840000e+00	-4.97748e-03	4.977481e-03	
2099	4.860000e+00	-4.97749e-03	4.977486e-03	
2100	4.880000e+00	-4.97749e-03	4.977492e-03	
2101	4.900000e+00	-4.97750e-03	4.977497e-03	
2102	4.920000e+00	-4.97750e-03	4.977503e-03	
2103	4.940000e+00	-4.97751e-03	4.977509e-03	
2104	4.960000e+00	-4.97751e-03	4.977514e-03	
2105	4.980000e+00	-4.97752e-03	4.977520e-03	
2106	5.000000e+00	-4.97753e-03	4.977525e-03	
