       * /home/fossee/esim-workspace/bjt_biascircuit/bjt_biascircuit.cir
       DC transfer characteristic  Thu Mar  3 18:29:19  2016
--------------------------------------------------------------------------------
Index   i-sweep         v1#branch       v_u1#branch     
--------------------------------------------------------------------------------
0	0.000000e+00	1.385830e-25	-1.38583e-25	
1	5.000000e-02	-1.08145e-13	1.081448e-13	
2	1.000000e-01	-2.23713e-13	2.237130e-13	
3	1.500000e-01	-3.53775e-13	3.537748e-13	
4	2.000000e-01	-5.00472e-13	5.004717e-13	
5	2.500000e-01	-6.64587e-13	6.645865e-13	
6	3.000000e-01	-8.44369e-13	8.443693e-13	
7	3.500000e-01	-1.03824e-12	1.038241e-12	
8	4.000000e-01	-1.24473e-12	1.244732e-12	
9	4.500000e-01	-1.46264e-12	1.462639e-12	
10	5.000000e-01	-1.69091e-12	1.690912e-12	
11	5.500000e-01	-1.92857e-12	1.928565e-12	
12	6.000000e-01	-2.17496e-12	2.174957e-12	
13	6.500000e-01	-2.42946e-12	2.429460e-12	
14	7.000000e-01	-2.69139e-12	2.691389e-12	
15	7.500000e-01	-2.96025e-12	2.960252e-12	
16	8.000000e-01	-3.23563e-12	3.235634e-12	
17	8.500000e-01	-3.51734e-12	3.517340e-12	
18	9.000000e-01	-3.80509e-12	3.805086e-12	
19	9.500000e-01	-4.09818e-12	4.098178e-12	
20	1.000000e+00	-4.39678e-12	4.396780e-12	
21	1.050000e+00	-4.70068e-12	4.700681e-12	
22	1.100000e+00	-5.00921e-12	5.009214e-12	
23	1.150000e+00	-5.32267e-12	5.322673e-12	
24	1.200000e+00	-5.64064e-12	5.640641e-12	
25	1.250000e+00	-5.96296e-12	5.962963e-12	
26	1.300000e+00	-6.28978e-12	6.289779e-12	
27	1.350000e+00	-6.62037e-12	6.620375e-12	
28	1.400000e+00	-6.95524e-12	6.955241e-12	
29	1.450000e+00	-7.29426e-12	7.294259e-12	
30	1.500000e+00	-7.63672e-12	7.636725e-12	
31	1.550000e+00	-7.98316e-12	7.983164e-12	
32	1.600000e+00	-8.33281e-12	8.332813e-12	
33	1.650000e+00	-8.68628e-12	8.686280e-12	
34	1.700000e+00	-9.04353e-12	9.043532e-12	
35	1.750000e+00	-9.40372e-12	9.403725e-12	
36	1.800000e+00	-9.76716e-12	9.767165e-12	
37	1.850000e+00	-1.01342e-11	1.013419e-11	
38	1.900000e+00	-1.05043e-11	1.050435e-11	
39	1.950000e+00	-1.08776e-11	1.087756e-11	
40	2.000000e+00	-1.12538e-11	1.125379e-11	
41	2.050000e+00	-1.16330e-11	1.163296e-11	
42	2.100000e+00	-1.20155e-11	1.201551e-11	
43	2.150000e+00	-1.24009e-11	1.240092e-11	
44	2.200000e+00	-1.27887e-11	1.278865e-11	
45	2.250000e+00	-1.31796e-11	1.317964e-11	
46	2.300000e+00	-1.35734e-11	1.357337e-11	
47	2.350000e+00	-1.39703e-11	1.397029e-11	
48	2.400000e+00	-1.43694e-11	1.436935e-11	
49	2.450000e+00	-1.47710e-11	1.477103e-11	
50	2.500000e+00	-1.51758e-11	1.517581e-11	
51	2.550000e+00	-1.55832e-11	1.558315e-11	
52	2.600000e+00	-1.59930e-11	1.599301e-11	
53	2.650000e+00	-1.64054e-11	1.640536e-11	
54	2.700000e+00	-1.68202e-11	1.682015e-11	

Index   i-sweep         v1#branch       v_u1#branch     
--------------------------------------------------------------------------------
55	2.750000e+00	-1.72374e-11	1.723737e-11	
56	2.800000e+00	-1.76570e-11	1.765698e-11	
57	2.850000e+00	-1.80796e-11	1.807958e-11	
58	2.900000e+00	-1.85046e-11	1.850455e-11	
59	2.950000e+00	-1.89312e-11	1.893119e-11	
60	3.000000e+00	-1.93608e-11	1.936077e-11	
61	3.050000e+00	-1.97926e-11	1.979262e-11	
62	3.100000e+00	-2.02267e-11	2.022674e-11	
63	3.150000e+00	-2.06631e-11	2.066309e-11	
64	3.200000e+00	-2.11024e-11	2.110235e-11	
65	3.250000e+00	-2.15431e-11	2.154308e-11	
66	3.300000e+00	-2.19860e-11	2.198599e-11	
67	3.350000e+00	-2.24318e-11	2.243178e-11	
68	3.400000e+00	-2.28797e-11	2.287972e-11	
69	3.450000e+00	-2.33298e-11	2.332977e-11	
70	3.500000e+00	-2.37811e-11	2.378114e-11	
71	3.550000e+00	-2.42354e-11	2.423538e-11	
72	3.600000e+00	-2.46925e-11	2.469247e-11	
73	3.650000e+00	-2.51508e-11	2.515082e-11	
74	3.700000e+00	-2.56112e-11	2.561121e-11	
75	3.750000e+00	-2.60736e-11	2.607360e-11	
76	3.800000e+00	-2.65388e-11	2.653884e-11	
77	3.850000e+00	-2.70061e-11	2.700607e-11	
78	3.900000e+00	-2.74744e-11	2.747442e-11	
79	3.950000e+00	-2.79456e-11	2.794561e-11	
80	4.000000e+00	-2.84188e-11	2.841875e-11	
81	4.050000e+00	-2.88938e-11	2.889384e-11	
82	4.100000e+00	-2.93708e-11	2.937084e-11	
83	4.150000e+00	-2.98498e-11	2.984976e-11	
84	4.200000e+00	-3.03306e-11	3.033058e-11	
85	4.250000e+00	-3.08142e-11	3.081422e-11	
86	4.300000e+00	-3.12988e-11	3.129882e-11	
87	4.350000e+00	-3.17853e-11	3.178526e-11	
88	4.400000e+00	-3.22745e-11	3.227452e-11	
89	4.450000e+00	-3.27657e-11	3.276566e-11	
90	4.500000e+00	-3.32576e-11	3.325763e-11	
91	4.550000e+00	-3.37524e-11	3.375242e-11	
92	4.600000e+00	-3.42491e-11	3.424905e-11	
93	4.650000e+00	-3.47475e-11	3.474747e-11	
94	4.700000e+00	-3.52477e-11	3.524770e-11	
95	4.750000e+00	-3.57497e-11	3.574971e-11	
96	4.800000e+00	-3.62535e-11	3.625351e-11	
97	4.850000e+00	-3.67601e-11	3.676015e-11	
98	4.900000e+00	-3.72675e-11	3.726747e-11	
99	4.950000e+00	-3.77766e-11	3.777656e-11	
100	5.000000e+00	-3.82885e-11	3.828848e-11	
101	5.050000e+00	-3.88010e-11	3.880103e-11	
102	5.100000e+00	-3.93164e-11	3.931643e-11	
103	5.150000e+00	-3.98336e-11	3.983356e-11	
104	5.200000e+00	-4.03524e-11	4.035242e-11	
105	5.250000e+00	-4.08730e-11	4.087299e-11	
106	5.300000e+00	-4.13941e-11	4.139408e-11	
107	5.350000e+00	-4.19192e-11	4.191922e-11	
108	5.400000e+00	-4.24449e-11	4.244487e-11	
109	5.450000e+00	-4.29722e-11	4.297221e-11	
110	5.500000e+00	-4.35012e-11	4.350121e-11	
111	5.550000e+00	-4.40319e-11	4.403186e-11	
112	5.600000e+00	-4.45654e-11	4.456544e-11	

Index   i-sweep         v1#branch       v_u1#branch     
--------------------------------------------------------------------------------
113	5.650000e+00	-4.50994e-11	4.509939e-11	
114	5.700000e+00	-4.56363e-11	4.563628e-11	
115	5.750000e+00	-4.61735e-11	4.617352e-11	
116	5.800000e+00	-4.67137e-11	4.671370e-11	
117	5.850000e+00	-4.72555e-11	4.725549e-11	
118	5.900000e+00	-4.77976e-11	4.779761e-11	
119	5.950000e+00	-4.83427e-11	4.834267e-11	
120	6.000000e+00	-4.88893e-11	4.888932e-11	
121	6.050000e+00	-4.94376e-11	4.943759e-11	
122	6.100000e+00	-4.99875e-11	4.998747e-11	
123	6.150000e+00	-5.05389e-11	5.053893e-11	
124	6.200000e+00	-5.10934e-11	5.109336e-11	
125	6.250000e+00	-5.16480e-11	5.164801e-11	
126	6.300000e+00	-5.22042e-11	5.220424e-11	
127	6.350000e+00	-5.27621e-11	5.276205e-11	
128	6.400000e+00	-5.33228e-11	5.332283e-11	
129	6.450000e+00	-5.38837e-11	5.388375e-11	
130	6.500000e+00	-5.44477e-11	5.444768e-11	
131	6.550000e+00	-5.50132e-11	5.501319e-11	
132	6.600000e+00	-5.55788e-11	5.557876e-11	
133	6.650000e+00	-5.61474e-11	5.614738e-11	
134	6.700000e+00	-5.67175e-11	5.671753e-11	
135	6.750000e+00	-5.72892e-11	5.728921e-11	
136	6.800000e+00	-5.78625e-11	5.786246e-11	
137	6.850000e+00	-5.84372e-11	5.843723e-11	
138	6.900000e+00	-5.90135e-11	5.901351e-11	
139	6.950000e+00	-5.95913e-11	5.959134e-11	
140	7.000000e+00	-6.01707e-11	6.017067e-11	
141	7.050000e+00	-6.07515e-11	6.075151e-11	
142	7.100000e+00	-6.13339e-11	6.133389e-11	
143	7.150000e+00	-6.19193e-11	6.191932e-11	
144	7.200000e+00	-6.25047e-11	6.250471e-11	
145	7.250000e+00	-6.30932e-11	6.309315e-11	
146	7.300000e+00	-6.36815e-11	6.368152e-11	
147	7.350000e+00	-6.42730e-11	6.427300e-11	
148	7.400000e+00	-6.48643e-11	6.486432e-11	
149	7.450000e+00	-6.54588e-11	6.545878e-11	
150	7.500000e+00	-6.60547e-11	6.605472e-11	
151	7.550000e+00	-6.66505e-11	6.665048e-11	
152	7.600000e+00	-6.72494e-11	6.724939e-11	
153	7.650000e+00	-6.78498e-11	6.784977e-11	
154	7.700000e+00	-6.84516e-11	6.845162e-11	
155	7.750000e+00	-6.90549e-11	6.905494e-11	
156	7.800000e+00	-6.96597e-11	6.965970e-11	
157	7.850000e+00	-7.02660e-11	7.026596e-11	
158	7.900000e+00	-7.08754e-11	7.087539e-11	
159	7.950000e+00	-7.14846e-11	7.148457e-11	
160	8.000000e+00	-7.20952e-11	7.209517e-11	
161	8.050000e+00	-7.27072e-11	7.270722e-11	
162	8.100000e+00	-7.33225e-11	7.332250e-11	
163	8.150000e+00	-7.39374e-11	7.393745e-11	
164	8.200000e+00	-7.45556e-11	7.455560e-11	
165	8.250000e+00	-7.51734e-11	7.517342e-11	
166	8.300000e+00	-7.57945e-11	7.579449e-11	
167	8.350000e+00	-7.64151e-11	7.641511e-11	
168	8.400000e+00	-7.70391e-11	7.703907e-11	
169	8.450000e+00	-7.76644e-11	7.766443e-11	
170	8.500000e+00	-7.82912e-11	7.829121e-11	

Index   i-sweep         v1#branch       v_u1#branch     
--------------------------------------------------------------------------------
171	8.550000e+00	-7.89176e-11	7.891755e-11	
172	8.600000e+00	-7.95472e-11	7.954718e-11	
173	8.650000e+00	-8.01782e-11	8.017823e-11	
174	8.700000e+00	-8.08107e-11	8.081071e-11	
175	8.750000e+00	-8.14446e-11	8.144457e-11	
176	8.800000e+00	-8.20799e-11	8.207986e-11	
177	8.850000e+00	-8.27185e-11	8.271853e-11	
178	8.900000e+00	-8.33566e-11	8.335660e-11	
179	8.950000e+00	-8.39961e-11	8.399611e-11	
180	9.000000e+00	-8.46370e-11	8.463703e-11	
181	9.050000e+00	-8.52813e-11	8.528133e-11	
182	9.100000e+00	-8.59250e-11	8.592500e-11	
183	9.150000e+00	-8.65701e-11	8.657009e-11	
184	9.200000e+00	-8.72186e-11	8.721857e-11	
185	9.250000e+00	-8.78664e-11	8.786642e-11	
186	9.300000e+00	-8.85177e-11	8.851769e-11	
187	9.350000e+00	-8.91704e-11	8.917039e-11	
188	9.400000e+00	-8.98224e-11	8.982236e-11	
189	9.450000e+00	-9.04778e-11	9.047782e-11	
190	9.500000e+00	-9.11346e-11	9.113464e-11	
191	9.550000e+00	-9.17928e-11	9.179284e-11	
192	9.600000e+00	-9.24503e-11	9.245030e-11	
193	9.650000e+00	-9.31113e-11	9.311127e-11	
194	9.700000e+00	-9.37736e-11	9.377360e-11	
195	9.750000e+00	-9.44373e-11	9.443730e-11	
196	9.800000e+00	-9.51024e-11	9.510235e-11	
197	9.850000e+00	-9.57688e-11	9.576880e-11	
198	9.900000e+00	-9.64366e-11	9.643660e-11	
199	9.950000e+00	-9.71080e-11	9.710795e-11	
200	1.000000e+01	-9.77785e-11	9.777847e-11	
201	0.000000e+00	-4.99997e-04	4.999972e-04	
202	5.000000e-02	-4.99997e-04	4.999972e-04	
203	1.000000e-01	-4.99997e-04	4.999972e-04	
204	1.500000e-01	-4.99997e-04	4.999972e-04	
205	2.000000e-01	-4.99997e-04	4.999972e-04	
206	2.500000e-01	-4.99997e-04	4.999972e-04	
207	3.000000e-01	-4.99997e-04	4.999972e-04	
208	3.500000e-01	-4.99997e-04	4.999972e-04	
209	4.000000e-01	-4.99997e-04	4.999972e-04	
210	4.500000e-01	-4.99997e-04	4.999972e-04	
211	5.000000e-01	-4.99997e-04	4.999972e-04	
212	5.500000e-01	-4.99997e-04	4.999972e-04	
213	6.000000e-01	-4.99997e-04	4.999972e-04	
214	6.500000e-01	-4.99997e-04	4.999972e-04	
215	7.000000e-01	-4.99997e-04	4.999972e-04	
216	7.500000e-01	-4.99997e-04	4.999972e-04	
217	8.000000e-01	-4.99997e-04	4.999972e-04	
218	8.500000e-01	-4.99997e-04	4.999972e-04	
219	9.000000e-01	-4.99997e-04	4.999972e-04	
220	9.500000e-01	-4.99997e-04	4.999972e-04	
221	1.000000e+00	-4.99997e-04	4.999972e-04	
222	1.050000e+00	-4.99997e-04	4.999972e-04	
223	1.100000e+00	-4.99997e-04	4.999972e-04	
224	1.150000e+00	-4.99997e-04	4.999972e-04	
225	1.200000e+00	-4.99997e-04	4.999972e-04	
226	1.250000e+00	-4.99997e-04	4.999972e-04	
227	1.300000e+00	-4.99997e-04	4.999972e-04	
228	1.350000e+00	-4.99997e-04	4.999972e-04	

Index   i-sweep         v1#branch       v_u1#branch     
--------------------------------------------------------------------------------
229	1.400000e+00	-4.99997e-04	4.999972e-04	
230	1.450000e+00	-4.99997e-04	4.999972e-04	
231	1.500000e+00	-4.99997e-04	4.999972e-04	
232	1.550000e+00	-4.99997e-04	4.999972e-04	
233	1.600000e+00	-4.99997e-04	4.999972e-04	
234	1.650000e+00	-4.99997e-04	4.999972e-04	
235	1.700000e+00	-4.99997e-04	4.999972e-04	
236	1.750000e+00	-4.99997e-04	4.999972e-04	
237	1.800000e+00	-4.99997e-04	4.999972e-04	
238	1.850000e+00	-4.99997e-04	4.999972e-04	
239	1.900000e+00	-4.99997e-04	4.999972e-04	
240	1.950000e+00	-4.99997e-04	4.999972e-04	
241	2.000000e+00	-4.99997e-04	4.999972e-04	
242	2.050000e+00	-4.99997e-04	4.999972e-04	
243	2.100000e+00	-4.99997e-04	4.999972e-04	
244	2.150000e+00	-4.99997e-04	4.999972e-04	
245	2.200000e+00	-4.99997e-04	4.999972e-04	
246	2.250000e+00	-4.99997e-04	4.999972e-04	
247	2.300000e+00	-4.99997e-04	4.999972e-04	
248	2.350000e+00	-4.99997e-04	4.999972e-04	
249	2.400000e+00	-4.99997e-04	4.999972e-04	
250	2.450000e+00	-4.99997e-04	4.999972e-04	
251	2.500000e+00	-4.99997e-04	4.999972e-04	
252	2.550000e+00	-4.99997e-04	4.999972e-04	
253	2.600000e+00	-4.99997e-04	4.999972e-04	
254	2.650000e+00	-4.99997e-04	4.999972e-04	
255	2.700000e+00	-4.99997e-04	4.999972e-04	
256	2.750000e+00	-4.99997e-04	4.999972e-04	
257	2.800000e+00	-4.99997e-04	4.999972e-04	
258	2.850000e+00	-4.99997e-04	4.999972e-04	
259	2.900000e+00	-4.99997e-04	4.999972e-04	
260	2.950000e+00	-4.99997e-04	4.999972e-04	
261	3.000000e+00	-4.99997e-04	4.999972e-04	
262	3.050000e+00	-4.99997e-04	4.999972e-04	
263	3.100000e+00	-4.99997e-04	4.999972e-04	
264	3.150000e+00	-4.99997e-04	4.999972e-04	
265	3.200000e+00	-4.99997e-04	4.999972e-04	
266	3.250000e+00	-4.99997e-04	4.999972e-04	
267	3.300000e+00	-4.99997e-04	4.999972e-04	
268	3.350000e+00	-4.99997e-04	4.999972e-04	
269	3.400000e+00	-4.99997e-04	4.999972e-04	
270	3.450000e+00	-4.99997e-04	4.999972e-04	
271	3.500000e+00	-4.99997e-04	4.999972e-04	
272	3.550000e+00	-4.99997e-04	4.999972e-04	
273	3.600000e+00	-4.99997e-04	4.999972e-04	
274	3.650000e+00	-4.99997e-04	4.999972e-04	
275	3.700000e+00	-4.99997e-04	4.999972e-04	
276	3.750000e+00	-4.99997e-04	4.999972e-04	
277	3.800000e+00	-4.99997e-04	4.999972e-04	
278	3.850000e+00	-4.99997e-04	4.999972e-04	
279	3.900000e+00	-4.99997e-04	4.999972e-04	
280	3.950000e+00	-4.99997e-04	4.999972e-04	
281	4.000000e+00	-4.99997e-04	4.999972e-04	
282	4.050000e+00	-4.99997e-04	4.999972e-04	
283	4.100000e+00	-4.99997e-04	4.999972e-04	
284	4.150000e+00	-4.99997e-04	4.999972e-04	
285	4.200000e+00	-4.99997e-04	4.999972e-04	
286	4.250000e+00	-4.99997e-04	4.999972e-04	

Index   i-sweep         v1#branch       v_u1#branch     
--------------------------------------------------------------------------------
287	4.300000e+00	-4.99997e-04	4.999972e-04	
288	4.350000e+00	-4.99997e-04	4.999972e-04	
289	4.400000e+00	-4.99997e-04	4.999972e-04	
290	4.450000e+00	-4.99997e-04	4.999972e-04	
291	4.500000e+00	-4.99997e-04	4.999972e-04	
292	4.550000e+00	-4.99997e-04	4.999972e-04	
293	4.600000e+00	-4.99997e-04	4.999972e-04	
294	4.650000e+00	-4.99997e-04	4.999972e-04	
295	4.700000e+00	-4.99997e-04	4.999972e-04	
296	4.750000e+00	-4.99997e-04	4.999972e-04	
297	4.800000e+00	-4.99997e-04	4.999972e-04	
298	4.850000e+00	-4.99997e-04	4.999972e-04	
299	4.900000e+00	-4.99997e-04	4.999972e-04	
300	4.950000e+00	-4.99997e-04	4.999972e-04	
301	5.000000e+00	-4.99997e-04	4.999972e-04	
302	5.050000e+00	-4.99997e-04	4.999972e-04	
303	5.100000e+00	-4.99997e-04	4.999972e-04	
304	5.150000e+00	-4.99997e-04	4.999972e-04	
305	5.200000e+00	-4.99997e-04	4.999972e-04	
306	5.250000e+00	-4.99997e-04	4.999972e-04	
307	5.300000e+00	-4.99997e-04	4.999972e-04	
308	5.350000e+00	-4.99997e-04	4.999972e-04	
309	5.400000e+00	-4.99997e-04	4.999972e-04	
310	5.450000e+00	-4.99997e-04	4.999972e-04	
311	5.500000e+00	-4.99997e-04	4.999972e-04	
312	5.550000e+00	-4.99997e-04	4.999972e-04	
313	5.600000e+00	-4.99997e-04	4.999972e-04	
314	5.650000e+00	-4.99997e-04	4.999972e-04	
315	5.700000e+00	-4.99997e-04	4.999972e-04	
316	5.750000e+00	-4.99997e-04	4.999972e-04	
317	5.800000e+00	-4.99997e-04	4.999972e-04	
318	5.850000e+00	-4.99997e-04	4.999972e-04	
319	5.900000e+00	-4.99997e-04	4.999972e-04	
320	5.950000e+00	-4.99997e-04	4.999972e-04	
321	6.000000e+00	-4.99997e-04	4.999972e-04	
322	6.050000e+00	-4.99997e-04	4.999972e-04	
323	6.100000e+00	-4.99997e-04	4.999972e-04	
324	6.150000e+00	-4.99997e-04	4.999972e-04	
325	6.200000e+00	-4.99997e-04	4.999972e-04	
326	6.250000e+00	-4.99997e-04	4.999972e-04	
327	6.300000e+00	-4.99997e-04	4.999972e-04	
328	6.350000e+00	-4.99997e-04	4.999972e-04	
329	6.400000e+00	-4.99997e-04	4.999972e-04	
330	6.450000e+00	-4.99997e-04	4.999972e-04	
331	6.500000e+00	-4.99997e-04	4.999972e-04	
332	6.550000e+00	-4.99997e-04	4.999972e-04	
333	6.600000e+00	-4.99997e-04	4.999972e-04	
334	6.650000e+00	-4.99997e-04	4.999972e-04	
335	6.700000e+00	-4.99997e-04	4.999972e-04	
336	6.750000e+00	-4.99997e-04	4.999972e-04	
337	6.800000e+00	-4.99997e-04	4.999972e-04	
338	6.850000e+00	-4.99997e-04	4.999972e-04	
339	6.900000e+00	-4.99997e-04	4.999972e-04	
340	6.950000e+00	-4.99997e-04	4.999972e-04	
341	7.000000e+00	-4.99997e-04	4.999972e-04	
342	7.050000e+00	-4.99997e-04	4.999972e-04	
343	7.100000e+00	-4.99997e-04	4.999972e-04	
344	7.150000e+00	-4.99997e-04	4.999972e-04	

Index   i-sweep         v1#branch       v_u1#branch     
--------------------------------------------------------------------------------
345	7.200000e+00	-4.99997e-04	4.999972e-04	
346	7.250000e+00	-4.99997e-04	4.999972e-04	
347	7.300000e+00	-4.99997e-04	4.999972e-04	
348	7.350000e+00	-4.99997e-04	4.999972e-04	
349	7.400000e+00	-4.99997e-04	4.999972e-04	
350	7.450000e+00	-4.99997e-04	4.999972e-04	
351	7.500000e+00	-4.99997e-04	4.999972e-04	
352	7.550000e+00	-4.99997e-04	4.999972e-04	
353	7.600000e+00	-4.99997e-04	4.999972e-04	
354	7.650000e+00	-4.99997e-04	4.999972e-04	
355	7.700000e+00	-4.99997e-04	4.999972e-04	
356	7.750000e+00	-4.99997e-04	4.999972e-04	
357	7.800000e+00	-4.99997e-04	4.999972e-04	
358	7.850000e+00	-4.99997e-04	4.999972e-04	
359	7.900000e+00	-4.99997e-04	4.999972e-04	
360	7.950000e+00	-4.99997e-04	4.999972e-04	
361	8.000000e+00	-4.99997e-04	4.999972e-04	
362	8.050000e+00	-4.99997e-04	4.999972e-04	
363	8.100000e+00	-4.99997e-04	4.999972e-04	
364	8.150000e+00	-4.99997e-04	4.999972e-04	
365	8.200000e+00	-4.99997e-04	4.999972e-04	
366	8.250000e+00	-4.99997e-04	4.999972e-04	
367	8.300000e+00	-4.99997e-04	4.999972e-04	
368	8.350000e+00	-4.99997e-04	4.999972e-04	
369	8.400000e+00	-4.99997e-04	4.999972e-04	
370	8.450000e+00	-4.99997e-04	4.999972e-04	
371	8.500000e+00	-4.99997e-04	4.999972e-04	
372	8.550000e+00	-4.99997e-04	4.999972e-04	
373	8.600000e+00	-4.99997e-04	4.999972e-04	
374	8.650000e+00	-4.99997e-04	4.999972e-04	
375	8.700000e+00	-4.99997e-04	4.999972e-04	
376	8.750000e+00	-4.99997e-04	4.999972e-04	
377	8.800000e+00	-4.99997e-04	4.999972e-04	
378	8.850000e+00	-4.99997e-04	4.999972e-04	
379	8.900000e+00	-4.99997e-04	4.999972e-04	
380	8.950000e+00	-4.99997e-04	4.999972e-04	
381	9.000000e+00	-4.99997e-04	4.999972e-04	
382	9.050000e+00	-4.99997e-04	4.999972e-04	
383	9.100000e+00	-4.99997e-04	4.999972e-04	
384	9.150000e+00	-4.99997e-04	4.999972e-04	
385	9.200000e+00	-4.99997e-04	4.999972e-04	
386	9.250000e+00	-4.99997e-04	4.999972e-04	
387	9.300000e+00	-4.99997e-04	4.999972e-04	
388	9.350000e+00	-4.99997e-04	4.999972e-04	
389	9.400000e+00	-4.99997e-04	4.999972e-04	
390	9.450000e+00	-4.99997e-04	4.999972e-04	
391	9.500000e+00	-4.99997e-04	4.999972e-04	
392	9.550000e+00	-4.99997e-04	4.999972e-04	
393	9.600000e+00	-4.99997e-04	4.999972e-04	
394	9.650000e+00	-4.99997e-04	4.999972e-04	
395	9.700000e+00	-4.99997e-04	4.999972e-04	
396	9.750000e+00	-4.99997e-04	4.999972e-04	
397	9.800000e+00	-4.99997e-04	4.999972e-04	
398	9.850000e+00	-4.99997e-04	4.999972e-04	
399	9.900000e+00	-4.99997e-04	4.999972e-04	
400	9.950000e+00	-4.99997e-04	4.999972e-04	
401	1.000000e+01	-4.99997e-04	4.999972e-04	
402	0.000000e+00	-9.99994e-04	9.999944e-04	

Index   i-sweep         v1#branch       v_u1#branch     
--------------------------------------------------------------------------------
403	5.000000e-02	-9.99994e-04	9.999944e-04	
404	1.000000e-01	-9.99994e-04	9.999944e-04	
405	1.500000e-01	-9.99994e-04	9.999944e-04	
406	2.000000e-01	-9.99994e-04	9.999944e-04	
407	2.500000e-01	-9.99994e-04	9.999944e-04	
408	3.000000e-01	-9.99994e-04	9.999944e-04	
409	3.500000e-01	-9.99994e-04	9.999944e-04	
410	4.000000e-01	-9.99994e-04	9.999944e-04	
411	4.500000e-01	-9.99994e-04	9.999944e-04	
412	5.000000e-01	-9.99994e-04	9.999944e-04	
413	5.500000e-01	-9.99994e-04	9.999944e-04	
414	6.000000e-01	-9.99994e-04	9.999944e-04	
415	6.500000e-01	-9.99994e-04	9.999944e-04	
416	7.000000e-01	-9.99994e-04	9.999944e-04	
417	7.500000e-01	-9.99994e-04	9.999944e-04	
418	8.000000e-01	-9.99994e-04	9.999944e-04	
419	8.500000e-01	-9.99994e-04	9.999944e-04	
420	9.000000e-01	-9.99994e-04	9.999944e-04	
421	9.500000e-01	-9.99994e-04	9.999944e-04	
422	1.000000e+00	-9.99994e-04	9.999944e-04	
423	1.050000e+00	-9.99994e-04	9.999944e-04	
424	1.100000e+00	-9.99994e-04	9.999944e-04	
425	1.150000e+00	-9.99994e-04	9.999944e-04	
426	1.200000e+00	-9.99994e-04	9.999944e-04	
427	1.250000e+00	-9.99994e-04	9.999944e-04	
428	1.300000e+00	-9.99994e-04	9.999944e-04	
429	1.350000e+00	-9.99994e-04	9.999944e-04	
430	1.400000e+00	-9.99994e-04	9.999944e-04	
431	1.450000e+00	-9.99994e-04	9.999944e-04	
432	1.500000e+00	-9.99994e-04	9.999944e-04	
433	1.550000e+00	-9.99994e-04	9.999944e-04	
434	1.600000e+00	-9.99994e-04	9.999944e-04	
435	1.650000e+00	-9.99994e-04	9.999944e-04	
436	1.700000e+00	-9.99994e-04	9.999944e-04	
437	1.750000e+00	-9.99994e-04	9.999944e-04	
438	1.800000e+00	-9.99994e-04	9.999944e-04	
439	1.850000e+00	-9.99994e-04	9.999944e-04	
440	1.900000e+00	-9.99994e-04	9.999944e-04	
441	1.950000e+00	-9.99994e-04	9.999944e-04	
442	2.000000e+00	-9.99994e-04	9.999944e-04	
443	2.050000e+00	-9.99994e-04	9.999944e-04	
444	2.100000e+00	-9.99994e-04	9.999944e-04	
445	2.150000e+00	-9.99994e-04	9.999944e-04	
446	2.200000e+00	-9.99994e-04	9.999944e-04	
447	2.250000e+00	-9.99994e-04	9.999944e-04	
448	2.300000e+00	-9.99994e-04	9.999944e-04	
449	2.350000e+00	-9.99994e-04	9.999944e-04	
450	2.400000e+00	-9.99994e-04	9.999944e-04	
451	2.450000e+00	-9.99994e-04	9.999944e-04	
452	2.500000e+00	-9.99994e-04	9.999944e-04	
453	2.550000e+00	-9.99994e-04	9.999944e-04	
454	2.600000e+00	-9.99994e-04	9.999944e-04	
455	2.650000e+00	-9.99994e-04	9.999944e-04	
456	2.700000e+00	-9.99994e-04	9.999944e-04	
457	2.750000e+00	-9.99994e-04	9.999944e-04	
458	2.800000e+00	-9.99994e-04	9.999944e-04	
459	2.850000e+00	-9.99994e-04	9.999944e-04	
460	2.900000e+00	-9.99994e-04	9.999944e-04	

Index   i-sweep         v1#branch       v_u1#branch     
--------------------------------------------------------------------------------
461	2.950000e+00	-9.99994e-04	9.999944e-04	
462	3.000000e+00	-9.99994e-04	9.999944e-04	
463	3.050000e+00	-9.99994e-04	9.999944e-04	
464	3.100000e+00	-9.99994e-04	9.999944e-04	
465	3.150000e+00	-9.99994e-04	9.999944e-04	
466	3.200000e+00	-9.99994e-04	9.999944e-04	
467	3.250000e+00	-9.99994e-04	9.999944e-04	
468	3.300000e+00	-9.99994e-04	9.999944e-04	
469	3.350000e+00	-9.99994e-04	9.999944e-04	
470	3.400000e+00	-9.99994e-04	9.999944e-04	
471	3.450000e+00	-9.99994e-04	9.999944e-04	
472	3.500000e+00	-9.99994e-04	9.999944e-04	
473	3.550000e+00	-9.99994e-04	9.999944e-04	
474	3.600000e+00	-9.99994e-04	9.999944e-04	
475	3.650000e+00	-9.99994e-04	9.999944e-04	
476	3.700000e+00	-9.99994e-04	9.999944e-04	
477	3.750000e+00	-9.99994e-04	9.999944e-04	
478	3.800000e+00	-9.99994e-04	9.999944e-04	
479	3.850000e+00	-9.99994e-04	9.999944e-04	
480	3.900000e+00	-9.99994e-04	9.999944e-04	
481	3.950000e+00	-9.99994e-04	9.999944e-04	
482	4.000000e+00	-9.99994e-04	9.999944e-04	
483	4.050000e+00	-9.99994e-04	9.999944e-04	
484	4.100000e+00	-9.99994e-04	9.999944e-04	
485	4.150000e+00	-9.99994e-04	9.999944e-04	
486	4.200000e+00	-9.99994e-04	9.999944e-04	
487	4.250000e+00	-9.99994e-04	9.999944e-04	
488	4.300000e+00	-9.99994e-04	9.999944e-04	
489	4.350000e+00	-9.99994e-04	9.999944e-04	
490	4.400000e+00	-9.99994e-04	9.999944e-04	
491	4.450000e+00	-9.99994e-04	9.999944e-04	
492	4.500000e+00	-9.99994e-04	9.999944e-04	
493	4.550000e+00	-9.99994e-04	9.999944e-04	
494	4.600000e+00	-9.99994e-04	9.999944e-04	
495	4.650000e+00	-9.99994e-04	9.999944e-04	
496	4.700000e+00	-9.99994e-04	9.999944e-04	
497	4.750000e+00	-9.99994e-04	9.999944e-04	
498	4.800000e+00	-9.99994e-04	9.999944e-04	
499	4.850000e+00	-9.99994e-04	9.999944e-04	
500	4.900000e+00	-9.99994e-04	9.999944e-04	
501	4.950000e+00	-9.99994e-04	9.999944e-04	
502	5.000000e+00	-9.99994e-04	9.999944e-04	
503	5.050000e+00	-9.99994e-04	9.999944e-04	
504	5.100000e+00	-9.99994e-04	9.999944e-04	
505	5.150000e+00	-9.99994e-04	9.999944e-04	
506	5.200000e+00	-9.99994e-04	9.999944e-04	
507	5.250000e+00	-9.99994e-04	9.999944e-04	
508	5.300000e+00	-9.99994e-04	9.999944e-04	
509	5.350000e+00	-9.99994e-04	9.999944e-04	
510	5.400000e+00	-9.99994e-04	9.999944e-04	
511	5.450000e+00	-9.99994e-04	9.999944e-04	
512	5.500000e+00	-9.99994e-04	9.999944e-04	
513	5.550000e+00	-9.99994e-04	9.999944e-04	
514	5.600000e+00	-9.99994e-04	9.999944e-04	
515	5.650000e+00	-9.99994e-04	9.999944e-04	
516	5.700000e+00	-9.99994e-04	9.999944e-04	
517	5.750000e+00	-9.99994e-04	9.999944e-04	
518	5.800000e+00	-9.99994e-04	9.999944e-04	

Index   i-sweep         v1#branch       v_u1#branch     
--------------------------------------------------------------------------------
519	5.850000e+00	-9.99994e-04	9.999944e-04	
520	5.900000e+00	-9.99994e-04	9.999944e-04	
521	5.950000e+00	-9.99994e-04	9.999944e-04	
522	6.000000e+00	-9.99994e-04	9.999944e-04	
523	6.050000e+00	-9.99994e-04	9.999944e-04	
524	6.100000e+00	-9.99994e-04	9.999944e-04	
525	6.150000e+00	-9.99994e-04	9.999944e-04	
526	6.200000e+00	-9.99994e-04	9.999944e-04	
527	6.250000e+00	-9.99994e-04	9.999944e-04	
528	6.300000e+00	-9.99994e-04	9.999944e-04	
529	6.350000e+00	-9.99994e-04	9.999944e-04	
530	6.400000e+00	-9.99994e-04	9.999944e-04	
531	6.450000e+00	-9.99994e-04	9.999944e-04	
532	6.500000e+00	-9.99994e-04	9.999944e-04	
533	6.550000e+00	-9.99994e-04	9.999944e-04	
534	6.600000e+00	-9.99994e-04	9.999944e-04	
535	6.650000e+00	-9.99994e-04	9.999944e-04	
536	6.700000e+00	-9.99994e-04	9.999944e-04	
537	6.750000e+00	-9.99994e-04	9.999944e-04	
538	6.800000e+00	-9.99994e-04	9.999944e-04	
539	6.850000e+00	-9.99994e-04	9.999944e-04	
540	6.900000e+00	-9.99994e-04	9.999944e-04	
541	6.950000e+00	-9.99994e-04	9.999944e-04	
542	7.000000e+00	-9.99994e-04	9.999944e-04	
543	7.050000e+00	-9.99994e-04	9.999944e-04	
544	7.100000e+00	-9.99994e-04	9.999944e-04	
545	7.150000e+00	-9.99994e-04	9.999944e-04	
546	7.200000e+00	-9.99994e-04	9.999944e-04	
547	7.250000e+00	-9.99994e-04	9.999944e-04	
548	7.300000e+00	-9.99994e-04	9.999944e-04	
549	7.350000e+00	-9.99994e-04	9.999944e-04	
550	7.400000e+00	-9.99994e-04	9.999944e-04	
551	7.450000e+00	-9.99994e-04	9.999944e-04	
552	7.500000e+00	-9.99994e-04	9.999944e-04	
553	7.550000e+00	-9.99994e-04	9.999944e-04	
554	7.600000e+00	-9.99994e-04	9.999944e-04	
555	7.650000e+00	-9.99994e-04	9.999944e-04	
556	7.700000e+00	-9.99994e-04	9.999944e-04	
557	7.750000e+00	-9.99994e-04	9.999944e-04	
558	7.800000e+00	-9.99994e-04	9.999944e-04	
559	7.850000e+00	-9.99994e-04	9.999944e-04	
560	7.900000e+00	-9.99994e-04	9.999944e-04	
561	7.950000e+00	-9.99994e-04	9.999944e-04	
562	8.000000e+00	-9.99994e-04	9.999944e-04	
563	8.050000e+00	-9.99994e-04	9.999944e-04	
564	8.100000e+00	-9.99994e-04	9.999944e-04	
565	8.150000e+00	-9.99994e-04	9.999944e-04	
566	8.200000e+00	-9.99994e-04	9.999944e-04	
567	8.250000e+00	-9.99994e-04	9.999944e-04	
568	8.300000e+00	-9.99994e-04	9.999944e-04	
569	8.350000e+00	-9.99994e-04	9.999944e-04	
570	8.400000e+00	-9.99994e-04	9.999944e-04	
571	8.450000e+00	-9.99994e-04	9.999944e-04	
572	8.500000e+00	-9.99994e-04	9.999944e-04	
573	8.550000e+00	-9.99994e-04	9.999944e-04	
574	8.600000e+00	-9.99994e-04	9.999944e-04	
575	8.650000e+00	-9.99994e-04	9.999944e-04	
576	8.700000e+00	-9.99994e-04	9.999944e-04	

Index   i-sweep         v1#branch       v_u1#branch     
--------------------------------------------------------------------------------
577	8.750000e+00	-9.99994e-04	9.999944e-04	
578	8.800000e+00	-9.99994e-04	9.999944e-04	
579	8.850000e+00	-9.99994e-04	9.999944e-04	
580	8.900000e+00	-9.99994e-04	9.999944e-04	
581	8.950000e+00	-9.99994e-04	9.999944e-04	
582	9.000000e+00	-9.99994e-04	9.999944e-04	
583	9.050000e+00	-9.99994e-04	9.999944e-04	
584	9.100000e+00	-9.99994e-04	9.999944e-04	
585	9.150000e+00	-9.99994e-04	9.999944e-04	
586	9.200000e+00	-9.99994e-04	9.999944e-04	
587	9.250000e+00	-9.99994e-04	9.999944e-04	
588	9.300000e+00	-9.99994e-04	9.999944e-04	
589	9.350000e+00	-9.99994e-04	9.999944e-04	
590	9.400000e+00	-9.99994e-04	9.999944e-04	
591	9.450000e+00	-9.99994e-04	9.999944e-04	
592	9.500000e+00	-9.99994e-04	9.999944e-04	
593	9.550000e+00	-9.99994e-04	9.999944e-04	
594	9.600000e+00	-9.99994e-04	9.999944e-04	
595	9.650000e+00	-9.99994e-04	9.999944e-04	
596	9.700000e+00	-9.99994e-04	9.999944e-04	
597	9.750000e+00	-9.99994e-04	9.999944e-04	
598	9.800000e+00	-9.99994e-04	9.999944e-04	
599	9.850000e+00	-9.99994e-04	9.999944e-04	
600	9.900000e+00	-9.99994e-04	9.999944e-04	
601	9.950000e+00	-9.99994e-04	9.999944e-04	
602	1.000000e+01	-9.99994e-04	9.999944e-04	
603	0.000000e+00	-1.49999e-03	1.499992e-03	
604	5.000000e-02	-1.49999e-03	1.499992e-03	
605	1.000000e-01	-1.49999e-03	1.499992e-03	
606	1.500000e-01	-1.49999e-03	1.499992e-03	
607	2.000000e-01	-1.49999e-03	1.499992e-03	
608	2.500000e-01	-1.49999e-03	1.499992e-03	
609	3.000000e-01	-1.49999e-03	1.499992e-03	
610	3.500000e-01	-1.49999e-03	1.499992e-03	
611	4.000000e-01	-1.49999e-03	1.499992e-03	
612	4.500000e-01	-1.49999e-03	1.499992e-03	
613	5.000000e-01	-1.49999e-03	1.499992e-03	
614	5.500000e-01	-1.49999e-03	1.499992e-03	
615	6.000000e-01	-1.49999e-03	1.499992e-03	
616	6.500000e-01	-1.49999e-03	1.499992e-03	
617	7.000000e-01	-1.49999e-03	1.499992e-03	
618	7.500000e-01	-1.49999e-03	1.499992e-03	
619	8.000000e-01	-1.49999e-03	1.499992e-03	
620	8.500000e-01	-1.49999e-03	1.499992e-03	
621	9.000000e-01	-1.49999e-03	1.499992e-03	
622	9.500000e-01	-1.49999e-03	1.499992e-03	
623	1.000000e+00	-1.49999e-03	1.499992e-03	
624	1.050000e+00	-1.49999e-03	1.499992e-03	
625	1.100000e+00	-1.49999e-03	1.499992e-03	
626	1.150000e+00	-1.49999e-03	1.499992e-03	
627	1.200000e+00	-1.49999e-03	1.499992e-03	
628	1.250000e+00	-1.49999e-03	1.499992e-03	
629	1.300000e+00	-1.49999e-03	1.499992e-03	
630	1.350000e+00	-1.49999e-03	1.499992e-03	
631	1.400000e+00	-1.49999e-03	1.499992e-03	
632	1.450000e+00	-1.49999e-03	1.499992e-03	
633	1.500000e+00	-1.49999e-03	1.499992e-03	
634	1.550000e+00	-1.49999e-03	1.499992e-03	

Index   i-sweep         v1#branch       v_u1#branch     
--------------------------------------------------------------------------------
635	1.600000e+00	-1.49999e-03	1.499992e-03	
636	1.650000e+00	-1.49999e-03	1.499992e-03	
637	1.700000e+00	-1.49999e-03	1.499992e-03	
638	1.750000e+00	-1.49999e-03	1.499992e-03	
639	1.800000e+00	-1.49999e-03	1.499992e-03	
640	1.850000e+00	-1.49999e-03	1.499992e-03	
641	1.900000e+00	-1.49999e-03	1.499992e-03	
642	1.950000e+00	-1.49999e-03	1.499992e-03	
643	2.000000e+00	-1.49999e-03	1.499992e-03	
644	2.050000e+00	-1.49999e-03	1.499992e-03	
645	2.100000e+00	-1.49999e-03	1.499992e-03	
646	2.150000e+00	-1.49999e-03	1.499992e-03	
647	2.200000e+00	-1.49999e-03	1.499992e-03	
648	2.250000e+00	-1.49999e-03	1.499992e-03	
649	2.300000e+00	-1.49999e-03	1.499992e-03	
650	2.350000e+00	-1.49999e-03	1.499992e-03	
651	2.400000e+00	-1.49999e-03	1.499992e-03	
652	2.450000e+00	-1.49999e-03	1.499992e-03	
653	2.500000e+00	-1.49999e-03	1.499992e-03	
654	2.550000e+00	-1.49999e-03	1.499992e-03	
655	2.600000e+00	-1.49999e-03	1.499992e-03	
656	2.650000e+00	-1.49999e-03	1.499992e-03	
657	2.700000e+00	-1.49999e-03	1.499992e-03	
658	2.750000e+00	-1.49999e-03	1.499992e-03	
659	2.800000e+00	-1.49999e-03	1.499992e-03	
660	2.850000e+00	-1.49999e-03	1.499992e-03	
661	2.900000e+00	-1.49999e-03	1.499992e-03	
662	2.950000e+00	-1.49999e-03	1.499992e-03	
663	3.000000e+00	-1.49999e-03	1.499992e-03	
664	3.050000e+00	-1.49999e-03	1.499992e-03	
665	3.100000e+00	-1.49999e-03	1.499992e-03	
666	3.150000e+00	-1.49999e-03	1.499992e-03	
667	3.200000e+00	-1.49999e-03	1.499992e-03	
668	3.250000e+00	-1.49999e-03	1.499992e-03	
669	3.300000e+00	-1.49999e-03	1.499992e-03	
670	3.350000e+00	-1.49999e-03	1.499992e-03	
671	3.400000e+00	-1.49999e-03	1.499992e-03	
672	3.450000e+00	-1.49999e-03	1.499992e-03	
673	3.500000e+00	-1.49999e-03	1.499992e-03	
674	3.550000e+00	-1.49999e-03	1.499992e-03	
675	3.600000e+00	-1.49999e-03	1.499992e-03	
676	3.650000e+00	-1.49999e-03	1.499992e-03	
677	3.700000e+00	-1.49999e-03	1.499992e-03	
678	3.750000e+00	-1.49999e-03	1.499992e-03	
679	3.800000e+00	-1.49999e-03	1.499992e-03	
680	3.850000e+00	-1.49999e-03	1.499992e-03	
681	3.900000e+00	-1.49999e-03	1.499992e-03	
682	3.950000e+00	-1.49999e-03	1.499992e-03	
683	4.000000e+00	-1.49999e-03	1.499992e-03	
684	4.050000e+00	-1.49999e-03	1.499992e-03	
685	4.100000e+00	-1.49999e-03	1.499992e-03	
686	4.150000e+00	-1.49999e-03	1.499992e-03	
687	4.200000e+00	-1.49999e-03	1.499992e-03	
688	4.250000e+00	-1.49999e-03	1.499992e-03	
689	4.300000e+00	-1.49999e-03	1.499992e-03	
690	4.350000e+00	-1.49999e-03	1.499992e-03	
691	4.400000e+00	-1.49999e-03	1.499992e-03	
692	4.450000e+00	-1.49999e-03	1.499992e-03	

Index   i-sweep         v1#branch       v_u1#branch     
--------------------------------------------------------------------------------
693	4.500000e+00	-1.49999e-03	1.499992e-03	
694	4.550000e+00	-1.49999e-03	1.499992e-03	
695	4.600000e+00	-1.49999e-03	1.499992e-03	
696	4.650000e+00	-1.49999e-03	1.499992e-03	
697	4.700000e+00	-1.49999e-03	1.499992e-03	
698	4.750000e+00	-1.49999e-03	1.499992e-03	
699	4.800000e+00	-1.49999e-03	1.499992e-03	
700	4.850000e+00	-1.49999e-03	1.499992e-03	
701	4.900000e+00	-1.49999e-03	1.499992e-03	
702	4.950000e+00	-1.49999e-03	1.499992e-03	
703	5.000000e+00	-1.49999e-03	1.499992e-03	
704	5.050000e+00	-1.49999e-03	1.499992e-03	
705	5.100000e+00	-1.49999e-03	1.499992e-03	
706	5.150000e+00	-1.49999e-03	1.499992e-03	
707	5.200000e+00	-1.49999e-03	1.499992e-03	
708	5.250000e+00	-1.49999e-03	1.499992e-03	
709	5.300000e+00	-1.49999e-03	1.499992e-03	
710	5.350000e+00	-1.49999e-03	1.499992e-03	
711	5.400000e+00	-1.49999e-03	1.499992e-03	
712	5.450000e+00	-1.49999e-03	1.499992e-03	
713	5.500000e+00	-1.49999e-03	1.499992e-03	
714	5.550000e+00	-1.49999e-03	1.499992e-03	
715	5.600000e+00	-1.49999e-03	1.499992e-03	
716	5.650000e+00	-1.49999e-03	1.499992e-03	
717	5.700000e+00	-1.49999e-03	1.499992e-03	
718	5.750000e+00	-1.49999e-03	1.499992e-03	
719	5.800000e+00	-1.49999e-03	1.499992e-03	
720	5.850000e+00	-1.49999e-03	1.499992e-03	
721	5.900000e+00	-1.49999e-03	1.499992e-03	
722	5.950000e+00	-1.49999e-03	1.499992e-03	
723	6.000000e+00	-1.49999e-03	1.499992e-03	
724	6.050000e+00	-1.49999e-03	1.499992e-03	
725	6.100000e+00	-1.49999e-03	1.499992e-03	
726	6.150000e+00	-1.49999e-03	1.499992e-03	
727	6.200000e+00	-1.49999e-03	1.499992e-03	
728	6.250000e+00	-1.49999e-03	1.499992e-03	
729	6.300000e+00	-1.49999e-03	1.499992e-03	
730	6.350000e+00	-1.49999e-03	1.499992e-03	
731	6.400000e+00	-1.49999e-03	1.499992e-03	
732	6.450000e+00	-1.49999e-03	1.499992e-03	
733	6.500000e+00	-1.49999e-03	1.499992e-03	
734	6.550000e+00	-1.49999e-03	1.499992e-03	
735	6.600000e+00	-1.49999e-03	1.499992e-03	
736	6.650000e+00	-1.49999e-03	1.499992e-03	
737	6.700000e+00	-1.49999e-03	1.499992e-03	
738	6.750000e+00	-1.49999e-03	1.499992e-03	
739	6.800000e+00	-1.49999e-03	1.499992e-03	
740	6.850000e+00	-1.49999e-03	1.499992e-03	
741	6.900000e+00	-1.49999e-03	1.499992e-03	
742	6.950000e+00	-1.49999e-03	1.499992e-03	
743	7.000000e+00	-1.49999e-03	1.499992e-03	
744	7.050000e+00	-1.49999e-03	1.499992e-03	
745	7.100000e+00	-1.49999e-03	1.499992e-03	
746	7.150000e+00	-1.49999e-03	1.499992e-03	
747	7.200000e+00	-1.49999e-03	1.499992e-03	
748	7.250000e+00	-1.49999e-03	1.499992e-03	
749	7.300000e+00	-1.49999e-03	1.499992e-03	
750	7.350000e+00	-1.49999e-03	1.499992e-03	

Index   i-sweep         v1#branch       v_u1#branch     
--------------------------------------------------------------------------------
751	7.400000e+00	-1.49999e-03	1.499992e-03	
752	7.450000e+00	-1.49999e-03	1.499992e-03	
753	7.500000e+00	-1.49999e-03	1.499992e-03	
754	7.550000e+00	-1.49999e-03	1.499992e-03	
755	7.600000e+00	-1.49999e-03	1.499992e-03	
756	7.650000e+00	-1.49999e-03	1.499992e-03	
757	7.700000e+00	-1.49999e-03	1.499992e-03	
758	7.750000e+00	-1.49999e-03	1.499992e-03	
759	7.800000e+00	-1.49999e-03	1.499992e-03	
760	7.850000e+00	-1.49999e-03	1.499992e-03	
761	7.900000e+00	-1.49999e-03	1.499992e-03	
762	7.950000e+00	-1.49999e-03	1.499992e-03	
763	8.000000e+00	-1.49999e-03	1.499992e-03	
764	8.050000e+00	-1.49999e-03	1.499992e-03	
765	8.100000e+00	-1.49999e-03	1.499992e-03	
766	8.150000e+00	-1.49999e-03	1.499992e-03	
767	8.200000e+00	-1.49999e-03	1.499992e-03	
768	8.250000e+00	-1.49999e-03	1.499992e-03	
769	8.300000e+00	-1.49999e-03	1.499992e-03	
770	8.350000e+00	-1.49999e-03	1.499992e-03	
771	8.400000e+00	-1.49999e-03	1.499992e-03	
772	8.450000e+00	-1.49999e-03	1.499992e-03	
773	8.500000e+00	-1.49999e-03	1.499992e-03	
774	8.550000e+00	-1.49999e-03	1.499992e-03	
775	8.600000e+00	-1.49999e-03	1.499992e-03	
776	8.650000e+00	-1.49999e-03	1.499992e-03	
777	8.700000e+00	-1.49999e-03	1.499992e-03	
778	8.750000e+00	-1.49999e-03	1.499992e-03	
779	8.800000e+00	-1.49999e-03	1.499992e-03	
780	8.850000e+00	-1.49999e-03	1.499992e-03	
781	8.900000e+00	-1.49999e-03	1.499992e-03	
782	8.950000e+00	-1.49999e-03	1.499992e-03	
783	9.000000e+00	-1.49999e-03	1.499992e-03	
784	9.050000e+00	-1.49999e-03	1.499992e-03	
785	9.100000e+00	-1.49999e-03	1.499992e-03	
786	9.150000e+00	-1.49999e-03	1.499992e-03	
787	9.200000e+00	-1.49999e-03	1.499992e-03	
788	9.250000e+00	-1.49999e-03	1.499992e-03	
789	9.300000e+00	-1.49999e-03	1.499992e-03	
790	9.350000e+00	-1.49999e-03	1.499992e-03	
791	9.400000e+00	-1.49999e-03	1.499992e-03	
792	9.450000e+00	-1.49999e-03	1.499992e-03	
793	9.500000e+00	-1.49999e-03	1.499992e-03	
794	9.550000e+00	-1.49999e-03	1.499992e-03	
795	9.600000e+00	-1.49999e-03	1.499992e-03	
796	9.650000e+00	-1.49999e-03	1.499992e-03	
797	9.700000e+00	-1.49999e-03	1.499992e-03	
798	9.750000e+00	-1.49999e-03	1.499992e-03	
799	9.800000e+00	-1.49999e-03	1.499992e-03	
800	9.850000e+00	-1.49999e-03	1.499992e-03	
801	9.900000e+00	-1.49999e-03	1.499992e-03	
802	9.950000e+00	-1.49999e-03	1.499992e-03	
803	1.000000e+01	-1.49999e-03	1.499992e-03	
804	0.000000e+00	-1.99999e-03	1.999989e-03	
805	5.000000e-02	-1.99999e-03	1.999989e-03	
806	1.000000e-01	-1.99999e-03	1.999989e-03	
807	1.500000e-01	-1.99999e-03	1.999989e-03	
808	2.000000e-01	-1.99999e-03	1.999989e-03	

Index   i-sweep         v1#branch       v_u1#branch     
--------------------------------------------------------------------------------
809	2.500000e-01	-1.99999e-03	1.999989e-03	
810	3.000000e-01	-1.99999e-03	1.999989e-03	
811	3.500000e-01	-1.99999e-03	1.999989e-03	
812	4.000000e-01	-1.99999e-03	1.999989e-03	
813	4.500000e-01	-1.99999e-03	1.999989e-03	
814	5.000000e-01	-1.99999e-03	1.999989e-03	
815	5.500000e-01	-1.99999e-03	1.999989e-03	
816	6.000000e-01	-1.99999e-03	1.999989e-03	
817	6.500000e-01	-1.99999e-03	1.999989e-03	
818	7.000000e-01	-1.99999e-03	1.999989e-03	
819	7.500000e-01	-1.99999e-03	1.999989e-03	
820	8.000000e-01	-1.99999e-03	1.999989e-03	
821	8.500000e-01	-1.99999e-03	1.999989e-03	
822	9.000000e-01	-1.99999e-03	1.999989e-03	
823	9.500000e-01	-1.99999e-03	1.999989e-03	
824	1.000000e+00	-1.99999e-03	1.999989e-03	
825	1.050000e+00	-1.99999e-03	1.999989e-03	
826	1.100000e+00	-1.99999e-03	1.999989e-03	
827	1.150000e+00	-1.99999e-03	1.999989e-03	
828	1.200000e+00	-1.99999e-03	1.999989e-03	
829	1.250000e+00	-1.99999e-03	1.999989e-03	
830	1.300000e+00	-1.99999e-03	1.999989e-03	
831	1.350000e+00	-1.99999e-03	1.999989e-03	
832	1.400000e+00	-1.99999e-03	1.999989e-03	
833	1.450000e+00	-1.99999e-03	1.999989e-03	
834	1.500000e+00	-1.99999e-03	1.999989e-03	
835	1.550000e+00	-1.99999e-03	1.999989e-03	
836	1.600000e+00	-1.99999e-03	1.999989e-03	
837	1.650000e+00	-1.99999e-03	1.999989e-03	
838	1.700000e+00	-1.99999e-03	1.999989e-03	
839	1.750000e+00	-1.99999e-03	1.999989e-03	
840	1.800000e+00	-1.99999e-03	1.999989e-03	
841	1.850000e+00	-1.99999e-03	1.999989e-03	
842	1.900000e+00	-1.99999e-03	1.999989e-03	
843	1.950000e+00	-1.99999e-03	1.999989e-03	
844	2.000000e+00	-1.99999e-03	1.999989e-03	
845	2.050000e+00	-1.99999e-03	1.999989e-03	
846	2.100000e+00	-1.99999e-03	1.999989e-03	
847	2.150000e+00	-1.99999e-03	1.999989e-03	
848	2.200000e+00	-1.99999e-03	1.999989e-03	
849	2.250000e+00	-1.99999e-03	1.999989e-03	
850	2.300000e+00	-1.99999e-03	1.999989e-03	
851	2.350000e+00	-1.99999e-03	1.999989e-03	
852	2.400000e+00	-1.99999e-03	1.999989e-03	
853	2.450000e+00	-1.99999e-03	1.999989e-03	
854	2.500000e+00	-1.99999e-03	1.999989e-03	
855	2.550000e+00	-1.99999e-03	1.999989e-03	
856	2.600000e+00	-1.99999e-03	1.999989e-03	
857	2.650000e+00	-1.99999e-03	1.999989e-03	
858	2.700000e+00	-1.99999e-03	1.999989e-03	
859	2.750000e+00	-1.99999e-03	1.999989e-03	
860	2.800000e+00	-1.99999e-03	1.999989e-03	
861	2.850000e+00	-1.99999e-03	1.999989e-03	
862	2.900000e+00	-1.99999e-03	1.999989e-03	
863	2.950000e+00	-1.99999e-03	1.999989e-03	
864	3.000000e+00	-1.99999e-03	1.999989e-03	
865	3.050000e+00	-1.99999e-03	1.999989e-03	
866	3.100000e+00	-1.99999e-03	1.999989e-03	

Index   i-sweep         v1#branch       v_u1#branch     
--------------------------------------------------------------------------------
867	3.150000e+00	-1.99999e-03	1.999989e-03	
868	3.200000e+00	-1.99999e-03	1.999989e-03	
869	3.250000e+00	-1.99999e-03	1.999989e-03	
870	3.300000e+00	-1.99999e-03	1.999989e-03	
871	3.350000e+00	-1.99999e-03	1.999989e-03	
872	3.400000e+00	-1.99999e-03	1.999989e-03	
873	3.450000e+00	-1.99999e-03	1.999989e-03	
874	3.500000e+00	-1.99999e-03	1.999989e-03	
875	3.550000e+00	-1.99999e-03	1.999989e-03	
876	3.600000e+00	-1.99999e-03	1.999989e-03	
877	3.650000e+00	-1.99999e-03	1.999989e-03	
878	3.700000e+00	-1.99999e-03	1.999989e-03	
879	3.750000e+00	-1.99999e-03	1.999989e-03	
880	3.800000e+00	-1.99999e-03	1.999989e-03	
881	3.850000e+00	-1.99999e-03	1.999989e-03	
882	3.900000e+00	-1.99999e-03	1.999989e-03	
883	3.950000e+00	-1.99999e-03	1.999989e-03	
884	4.000000e+00	-1.99999e-03	1.999989e-03	
885	4.050000e+00	-1.99999e-03	1.999989e-03	
886	4.100000e+00	-1.99999e-03	1.999989e-03	
887	4.150000e+00	-1.99999e-03	1.999989e-03	
888	4.200000e+00	-1.99999e-03	1.999989e-03	
889	4.250000e+00	-1.99999e-03	1.999989e-03	
890	4.300000e+00	-1.99999e-03	1.999989e-03	
891	4.350000e+00	-1.99999e-03	1.999989e-03	
892	4.400000e+00	-1.99999e-03	1.999989e-03	
893	4.450000e+00	-1.99999e-03	1.999989e-03	
894	4.500000e+00	-1.99999e-03	1.999989e-03	
895	4.550000e+00	-1.99999e-03	1.999989e-03	
896	4.600000e+00	-1.99999e-03	1.999989e-03	
897	4.650000e+00	-1.99999e-03	1.999989e-03	
898	4.700000e+00	-1.99999e-03	1.999989e-03	
899	4.750000e+00	-1.99999e-03	1.999989e-03	
900	4.800000e+00	-1.99999e-03	1.999989e-03	
901	4.850000e+00	-1.99999e-03	1.999989e-03	
902	4.900000e+00	-1.99999e-03	1.999989e-03	
903	4.950000e+00	-1.99999e-03	1.999989e-03	
904	5.000000e+00	-1.99999e-03	1.999989e-03	
905	5.050000e+00	-1.99999e-03	1.999989e-03	
906	5.100000e+00	-1.99999e-03	1.999989e-03	
907	5.150000e+00	-1.99999e-03	1.999989e-03	
908	5.200000e+00	-1.99999e-03	1.999989e-03	
909	5.250000e+00	-1.99999e-03	1.999989e-03	
910	5.300000e+00	-1.99999e-03	1.999989e-03	
911	5.350000e+00	-1.99999e-03	1.999989e-03	
912	5.400000e+00	-1.99999e-03	1.999989e-03	
913	5.450000e+00	-1.99999e-03	1.999989e-03	
914	5.500000e+00	-1.99999e-03	1.999989e-03	
915	5.550000e+00	-1.99999e-03	1.999989e-03	
916	5.600000e+00	-1.99999e-03	1.999989e-03	
917	5.650000e+00	-1.99999e-03	1.999989e-03	
918	5.700000e+00	-1.99999e-03	1.999989e-03	
919	5.750000e+00	-1.99999e-03	1.999989e-03	
920	5.800000e+00	-1.99999e-03	1.999989e-03	
921	5.850000e+00	-1.99999e-03	1.999989e-03	
922	5.900000e+00	-1.99999e-03	1.999989e-03	
923	5.950000e+00	-1.99999e-03	1.999989e-03	
924	6.000000e+00	-1.99999e-03	1.999989e-03	

Index   i-sweep         v1#branch       v_u1#branch     
--------------------------------------------------------------------------------
925	6.050000e+00	-1.99999e-03	1.999989e-03	
926	6.100000e+00	-1.99999e-03	1.999989e-03	
927	6.150000e+00	-1.99999e-03	1.999989e-03	
928	6.200000e+00	-1.99999e-03	1.999989e-03	
929	6.250000e+00	-1.99999e-03	1.999989e-03	
930	6.300000e+00	-1.99999e-03	1.999989e-03	
931	6.350000e+00	-1.99999e-03	1.999989e-03	
932	6.400000e+00	-1.99999e-03	1.999989e-03	
933	6.450000e+00	-1.99999e-03	1.999989e-03	
934	6.500000e+00	-1.99999e-03	1.999989e-03	
935	6.550000e+00	-1.99999e-03	1.999989e-03	
936	6.600000e+00	-1.99999e-03	1.999989e-03	
937	6.650000e+00	-1.99999e-03	1.999989e-03	
938	6.700000e+00	-1.99999e-03	1.999989e-03	
939	6.750000e+00	-1.99999e-03	1.999989e-03	
940	6.800000e+00	-1.99999e-03	1.999989e-03	
941	6.850000e+00	-1.99999e-03	1.999989e-03	
942	6.900000e+00	-1.99999e-03	1.999989e-03	
943	6.950000e+00	-1.99999e-03	1.999989e-03	
944	7.000000e+00	-1.99999e-03	1.999989e-03	
945	7.050000e+00	-1.99999e-03	1.999989e-03	
946	7.100000e+00	-1.99999e-03	1.999989e-03	
947	7.150000e+00	-1.99999e-03	1.999989e-03	
948	7.200000e+00	-1.99999e-03	1.999989e-03	
949	7.250000e+00	-1.99999e-03	1.999989e-03	
950	7.300000e+00	-1.99999e-03	1.999989e-03	
951	7.350000e+00	-1.99999e-03	1.999989e-03	
952	7.400000e+00	-1.99999e-03	1.999989e-03	
953	7.450000e+00	-1.99999e-03	1.999989e-03	
954	7.500000e+00	-1.99999e-03	1.999989e-03	
955	7.550000e+00	-1.99999e-03	1.999989e-03	
956	7.600000e+00	-1.99999e-03	1.999989e-03	
957	7.650000e+00	-1.99999e-03	1.999989e-03	
958	7.700000e+00	-1.99999e-03	1.999989e-03	
959	7.750000e+00	-1.99999e-03	1.999989e-03	
960	7.800000e+00	-1.99999e-03	1.999989e-03	
961	7.850000e+00	-1.99999e-03	1.999989e-03	
962	7.900000e+00	-1.99999e-03	1.999989e-03	
963	7.950000e+00	-1.99999e-03	1.999989e-03	
964	8.000000e+00	-1.99999e-03	1.999989e-03	
965	8.050000e+00	-1.99999e-03	1.999989e-03	
966	8.100000e+00	-1.99999e-03	1.999989e-03	
967	8.150000e+00	-1.99999e-03	1.999989e-03	
968	8.200000e+00	-1.99999e-03	1.999989e-03	
969	8.250000e+00	-1.99999e-03	1.999989e-03	
970	8.300000e+00	-1.99999e-03	1.999989e-03	
971	8.350000e+00	-1.99999e-03	1.999989e-03	
972	8.400000e+00	-1.99999e-03	1.999989e-03	
973	8.450000e+00	-1.99999e-03	1.999989e-03	
974	8.500000e+00	-1.99999e-03	1.999989e-03	
975	8.550000e+00	-1.99999e-03	1.999989e-03	
976	8.600000e+00	-1.99999e-03	1.999989e-03	
977	8.650000e+00	-1.99999e-03	1.999989e-03	
978	8.700000e+00	-1.99999e-03	1.999989e-03	
979	8.750000e+00	-1.99999e-03	1.999989e-03	
980	8.800000e+00	-1.99999e-03	1.999989e-03	
981	8.850000e+00	-1.99999e-03	1.999989e-03	
982	8.900000e+00	-1.99999e-03	1.999989e-03	

Index   i-sweep         v1#branch       v_u1#branch     
--------------------------------------------------------------------------------
983	8.950000e+00	-1.99999e-03	1.999989e-03	
984	9.000000e+00	-1.99999e-03	1.999989e-03	
985	9.050000e+00	-1.99999e-03	1.999989e-03	
986	9.100000e+00	-1.99999e-03	1.999989e-03	
987	9.150000e+00	-1.99999e-03	1.999989e-03	
988	9.200000e+00	-1.99999e-03	1.999989e-03	
989	9.250000e+00	-1.99999e-03	1.999989e-03	
990	9.300000e+00	-1.99999e-03	1.999989e-03	
991	9.350000e+00	-1.99999e-03	1.999989e-03	
992	9.400000e+00	-1.99999e-03	1.999989e-03	
993	9.450000e+00	-1.99999e-03	1.999989e-03	
994	9.500000e+00	-1.99999e-03	1.999989e-03	
995	9.550000e+00	-1.99999e-03	1.999989e-03	
996	9.600000e+00	-1.99999e-03	1.999989e-03	
997	9.650000e+00	-1.99999e-03	1.999989e-03	
998	9.700000e+00	-1.99999e-03	1.999989e-03	
999	9.750000e+00	-1.99999e-03	1.999989e-03	
1000	9.800000e+00	-1.99999e-03	1.999989e-03	
1001	9.850000e+00	-1.99999e-03	1.999989e-03	
1002	9.900000e+00	-1.99999e-03	1.999989e-03	
1003	9.950000e+00	-1.99999e-03	1.999989e-03	
1004	1.000000e+01	-1.99999e-03	1.999989e-03	
1005	0.000000e+00	-2.49999e-03	2.499986e-03	
1006	5.000000e-02	-2.49999e-03	2.499986e-03	
1007	1.000000e-01	-2.49999e-03	2.499986e-03	
1008	1.500000e-01	-2.49999e-03	2.499986e-03	
1009	2.000000e-01	-2.49999e-03	2.499986e-03	
1010	2.500000e-01	-2.49999e-03	2.499986e-03	
1011	3.000000e-01	-2.49999e-03	2.499986e-03	
1012	3.500000e-01	-2.49999e-03	2.499986e-03	
1013	4.000000e-01	-2.49999e-03	2.499986e-03	
1014	4.500000e-01	-2.49999e-03	2.499986e-03	
1015	5.000000e-01	-2.49999e-03	2.499986e-03	
1016	5.500000e-01	-2.49999e-03	2.499986e-03	
1017	6.000000e-01	-2.49999e-03	2.499986e-03	
1018	6.500000e-01	-2.49999e-03	2.499986e-03	
1019	7.000000e-01	-2.49999e-03	2.499986e-03	
1020	7.500000e-01	-2.49999e-03	2.499986e-03	
1021	8.000000e-01	-2.49999e-03	2.499986e-03	
1022	8.500000e-01	-2.49999e-03	2.499986e-03	
1023	9.000000e-01	-2.49999e-03	2.499986e-03	
1024	9.500000e-01	-2.49999e-03	2.499986e-03	
1025	1.000000e+00	-2.49999e-03	2.499986e-03	
1026	1.050000e+00	-2.49999e-03	2.499986e-03	
1027	1.100000e+00	-2.49999e-03	2.499986e-03	
1028	1.150000e+00	-2.49999e-03	2.499986e-03	
1029	1.200000e+00	-2.49999e-03	2.499986e-03	
1030	1.250000e+00	-2.49999e-03	2.499986e-03	
1031	1.300000e+00	-2.49999e-03	2.499986e-03	
1032	1.350000e+00	-2.49999e-03	2.499986e-03	
1033	1.400000e+00	-2.49999e-03	2.499986e-03	
1034	1.450000e+00	-2.49999e-03	2.499986e-03	
1035	1.500000e+00	-2.49999e-03	2.499986e-03	
1036	1.550000e+00	-2.49999e-03	2.499986e-03	
1037	1.600000e+00	-2.49999e-03	2.499986e-03	
1038	1.650000e+00	-2.49999e-03	2.499986e-03	
1039	1.700000e+00	-2.49999e-03	2.499986e-03	
1040	1.750000e+00	-2.49999e-03	2.499986e-03	

Index   i-sweep         v1#branch       v_u1#branch     
--------------------------------------------------------------------------------
1041	1.800000e+00	-2.49999e-03	2.499986e-03	
1042	1.850000e+00	-2.49999e-03	2.499986e-03	
1043	1.900000e+00	-2.49999e-03	2.499986e-03	
1044	1.950000e+00	-2.49999e-03	2.499986e-03	
1045	2.000000e+00	-2.49999e-03	2.499986e-03	
1046	2.050000e+00	-2.49999e-03	2.499986e-03	
1047	2.100000e+00	-2.49999e-03	2.499986e-03	
1048	2.150000e+00	-2.49999e-03	2.499986e-03	
1049	2.200000e+00	-2.49999e-03	2.499986e-03	
1050	2.250000e+00	-2.49999e-03	2.499986e-03	
1051	2.300000e+00	-2.49999e-03	2.499986e-03	
1052	2.350000e+00	-2.49999e-03	2.499986e-03	
1053	2.400000e+00	-2.49999e-03	2.499986e-03	
1054	2.450000e+00	-2.49999e-03	2.499986e-03	
1055	2.500000e+00	-2.49999e-03	2.499986e-03	
1056	2.550000e+00	-2.49999e-03	2.499986e-03	
1057	2.600000e+00	-2.49999e-03	2.499986e-03	
1058	2.650000e+00	-2.49999e-03	2.499986e-03	
1059	2.700000e+00	-2.49999e-03	2.499986e-03	
1060	2.750000e+00	-2.49999e-03	2.499986e-03	
1061	2.800000e+00	-2.49999e-03	2.499986e-03	
1062	2.850000e+00	-2.49999e-03	2.499986e-03	
1063	2.900000e+00	-2.49999e-03	2.499986e-03	
1064	2.950000e+00	-2.49999e-03	2.499986e-03	
1065	3.000000e+00	-2.49999e-03	2.499986e-03	
1066	3.050000e+00	-2.49999e-03	2.499986e-03	
1067	3.100000e+00	-2.49999e-03	2.499986e-03	
1068	3.150000e+00	-2.49999e-03	2.499986e-03	
1069	3.200000e+00	-2.49999e-03	2.499986e-03	
1070	3.250000e+00	-2.49999e-03	2.499986e-03	
1071	3.300000e+00	-2.49999e-03	2.499986e-03	
1072	3.350000e+00	-2.49999e-03	2.499986e-03	
1073	3.400000e+00	-2.49999e-03	2.499986e-03	
1074	3.450000e+00	-2.49999e-03	2.499986e-03	
1075	3.500000e+00	-2.49999e-03	2.499986e-03	
1076	3.550000e+00	-2.49999e-03	2.499986e-03	
1077	3.600000e+00	-2.49999e-03	2.499986e-03	
1078	3.650000e+00	-2.49999e-03	2.499986e-03	
1079	3.700000e+00	-2.49999e-03	2.499986e-03	
1080	3.750000e+00	-2.49999e-03	2.499986e-03	
1081	3.800000e+00	-2.49999e-03	2.499986e-03	
1082	3.850000e+00	-2.49999e-03	2.499986e-03	
1083	3.900000e+00	-2.49999e-03	2.499986e-03	
1084	3.950000e+00	-2.49999e-03	2.499986e-03	
1085	4.000000e+00	-2.49999e-03	2.499986e-03	
1086	4.050000e+00	-2.49999e-03	2.499986e-03	
1087	4.100000e+00	-2.49999e-03	2.499986e-03	
1088	4.150000e+00	-2.49999e-03	2.499986e-03	
1089	4.200000e+00	-2.49999e-03	2.499986e-03	
1090	4.250000e+00	-2.49999e-03	2.499986e-03	
1091	4.300000e+00	-2.49999e-03	2.499986e-03	
1092	4.350000e+00	-2.49999e-03	2.499986e-03	
1093	4.400000e+00	-2.49999e-03	2.499986e-03	
1094	4.450000e+00	-2.49999e-03	2.499986e-03	
1095	4.500000e+00	-2.49999e-03	2.499986e-03	
1096	4.550000e+00	-2.49999e-03	2.499986e-03	
1097	4.600000e+00	-2.49999e-03	2.499986e-03	
1098	4.650000e+00	-2.49999e-03	2.499986e-03	

Index   i-sweep         v1#branch       v_u1#branch     
--------------------------------------------------------------------------------
1099	4.700000e+00	-2.49999e-03	2.499986e-03	
1100	4.750000e+00	-2.49999e-03	2.499986e-03	
1101	4.800000e+00	-2.49999e-03	2.499986e-03	
1102	4.850000e+00	-2.49999e-03	2.499986e-03	
1103	4.900000e+00	-2.49999e-03	2.499986e-03	
1104	4.950000e+00	-2.49999e-03	2.499986e-03	
1105	5.000000e+00	-2.49999e-03	2.499986e-03	
1106	5.050000e+00	-2.49999e-03	2.499986e-03	
1107	5.100000e+00	-2.49999e-03	2.499986e-03	
1108	5.150000e+00	-2.49999e-03	2.499986e-03	
1109	5.200000e+00	-2.49999e-03	2.499986e-03	
1110	5.250000e+00	-2.49999e-03	2.499986e-03	
1111	5.300000e+00	-2.49999e-03	2.499986e-03	
1112	5.350000e+00	-2.49999e-03	2.499986e-03	
1113	5.400000e+00	-2.49999e-03	2.499986e-03	
1114	5.450000e+00	-2.49999e-03	2.499986e-03	
1115	5.500000e+00	-2.49999e-03	2.499986e-03	
1116	5.550000e+00	-2.49999e-03	2.499986e-03	
1117	5.600000e+00	-2.49999e-03	2.499986e-03	
1118	5.650000e+00	-2.49999e-03	2.499986e-03	
1119	5.700000e+00	-2.49999e-03	2.499986e-03	
1120	5.750000e+00	-2.49999e-03	2.499986e-03	
1121	5.800000e+00	-2.49999e-03	2.499986e-03	
1122	5.850000e+00	-2.49999e-03	2.499986e-03	
1123	5.900000e+00	-2.49999e-03	2.499986e-03	
1124	5.950000e+00	-2.49999e-03	2.499986e-03	
1125	6.000000e+00	-2.49999e-03	2.499986e-03	
1126	6.050000e+00	-2.49999e-03	2.499986e-03	
1127	6.100000e+00	-2.49999e-03	2.499986e-03	
1128	6.150000e+00	-2.49999e-03	2.499986e-03	
1129	6.200000e+00	-2.49999e-03	2.499986e-03	
1130	6.250000e+00	-2.49999e-03	2.499986e-03	
1131	6.300000e+00	-2.49999e-03	2.499986e-03	
1132	6.350000e+00	-2.49999e-03	2.499986e-03	
1133	6.400000e+00	-2.49999e-03	2.499986e-03	
1134	6.450000e+00	-2.49999e-03	2.499986e-03	
1135	6.500000e+00	-2.49999e-03	2.499986e-03	
1136	6.550000e+00	-2.49999e-03	2.499986e-03	
1137	6.600000e+00	-2.49999e-03	2.499986e-03	
1138	6.650000e+00	-2.49999e-03	2.499986e-03	
1139	6.700000e+00	-2.49999e-03	2.499986e-03	
1140	6.750000e+00	-2.49999e-03	2.499986e-03	
1141	6.800000e+00	-2.49999e-03	2.499986e-03	
1142	6.850000e+00	-2.49999e-03	2.499986e-03	
1143	6.900000e+00	-2.49999e-03	2.499986e-03	
1144	6.950000e+00	-2.49999e-03	2.499986e-03	
1145	7.000000e+00	-2.49999e-03	2.499986e-03	
1146	7.050000e+00	-2.49999e-03	2.499986e-03	
1147	7.100000e+00	-2.49999e-03	2.499986e-03	
1148	7.150000e+00	-2.49999e-03	2.499986e-03	
1149	7.200000e+00	-2.49999e-03	2.499986e-03	
1150	7.250000e+00	-2.49999e-03	2.499986e-03	
1151	7.300000e+00	-2.49999e-03	2.499986e-03	
1152	7.350000e+00	-2.49999e-03	2.499986e-03	
1153	7.400000e+00	-2.49999e-03	2.499986e-03	
1154	7.450000e+00	-2.49999e-03	2.499986e-03	
1155	7.500000e+00	-2.49999e-03	2.499986e-03	
1156	7.550000e+00	-2.49999e-03	2.499986e-03	

Index   i-sweep         v1#branch       v_u1#branch     
--------------------------------------------------------------------------------
1157	7.600000e+00	-2.49999e-03	2.499986e-03	
1158	7.650000e+00	-2.49999e-03	2.499986e-03	
1159	7.700000e+00	-2.49999e-03	2.499986e-03	
1160	7.750000e+00	-2.49999e-03	2.499986e-03	
1161	7.800000e+00	-2.49999e-03	2.499986e-03	
1162	7.850000e+00	-2.49999e-03	2.499986e-03	
1163	7.900000e+00	-2.49999e-03	2.499986e-03	
1164	7.950000e+00	-2.49999e-03	2.499986e-03	
1165	8.000000e+00	-2.49999e-03	2.499986e-03	
1166	8.050000e+00	-2.49999e-03	2.499986e-03	
1167	8.100000e+00	-2.49999e-03	2.499986e-03	
1168	8.150000e+00	-2.49999e-03	2.499986e-03	
1169	8.200000e+00	-2.49999e-03	2.499986e-03	
1170	8.250000e+00	-2.49999e-03	2.499986e-03	
1171	8.300000e+00	-2.49999e-03	2.499986e-03	
1172	8.350000e+00	-2.49999e-03	2.499986e-03	
1173	8.400000e+00	-2.49999e-03	2.499986e-03	
1174	8.450000e+00	-2.49999e-03	2.499986e-03	
1175	8.500000e+00	-2.49999e-03	2.499986e-03	
1176	8.550000e+00	-2.49999e-03	2.499986e-03	
1177	8.600000e+00	-2.49999e-03	2.499986e-03	
1178	8.650000e+00	-2.49999e-03	2.499986e-03	
1179	8.700000e+00	-2.49999e-03	2.499986e-03	
1180	8.750000e+00	-2.49999e-03	2.499986e-03	
1181	8.800000e+00	-2.49999e-03	2.499986e-03	
1182	8.850000e+00	-2.49999e-03	2.499986e-03	
1183	8.900000e+00	-2.49999e-03	2.499986e-03	
1184	8.950000e+00	-2.49999e-03	2.499986e-03	
1185	9.000000e+00	-2.49999e-03	2.499986e-03	
1186	9.050000e+00	-2.49999e-03	2.499986e-03	
1187	9.100000e+00	-2.49999e-03	2.499986e-03	
1188	9.150000e+00	-2.49999e-03	2.499986e-03	
1189	9.200000e+00	-2.49999e-03	2.499986e-03	
1190	9.250000e+00	-2.49999e-03	2.499986e-03	
1191	9.300000e+00	-2.49999e-03	2.499986e-03	
1192	9.350000e+00	-2.49999e-03	2.499986e-03	
1193	9.400000e+00	-2.49999e-03	2.499986e-03	
1194	9.450000e+00	-2.49999e-03	2.499986e-03	
1195	9.500000e+00	-2.49999e-03	2.499986e-03	
1196	9.550000e+00	-2.49999e-03	2.499986e-03	
1197	9.600000e+00	-2.49999e-03	2.499986e-03	
1198	9.650000e+00	-2.49999e-03	2.499986e-03	
1199	9.700000e+00	-2.49999e-03	2.499986e-03	
1200	9.750000e+00	-2.49999e-03	2.499986e-03	
1201	9.800000e+00	-2.49999e-03	2.499986e-03	
1202	9.850000e+00	-2.49999e-03	2.499986e-03	
1203	9.900000e+00	-2.49999e-03	2.499986e-03	
1204	9.950000e+00	-2.49999e-03	2.499986e-03	
1205	1.000000e+01	-2.49999e-03	2.499986e-03	
