* /home/fossee/esim-workspace/bjt_frequency_response/bjt_frequency_response.cir
AC Analysis  Thu Mar  3 18:37:14  2016
--------------------------------------------------------------------------------
Index   frequency       v1#branch                       
--------------------------------------------------------------------------------
0	1.000000e+01	-5.41586e-04,	-9.09365e-04	
1	1.023293e+01	-5.49768e-04,	-9.28373e-04	
2	1.047129e+01	-5.58301e-04,	-9.47722e-04	
3	1.071519e+01	-5.67196e-04,	-9.67412e-04	
4	1.096478e+01	-5.76470e-04,	-9.87445e-04	
5	1.122018e+01	-5.86136e-04,	-1.00782e-03	
6	1.148154e+01	-5.96209e-04,	-1.02853e-03	
7	1.174898e+01	-6.06705e-04,	-1.04958e-03	
8	1.202264e+01	-6.17640e-04,	-1.07097e-03	
9	1.230269e+01	-6.29030e-04,	-1.09270e-03	
10	1.258925e+01	-6.40890e-04,	-1.11475e-03	
11	1.288250e+01	-6.53239e-04,	-1.13713e-03	
12	1.318257e+01	-6.66093e-04,	-1.15984e-03	
13	1.348963e+01	-6.79470e-04,	-1.18286e-03	
14	1.380384e+01	-6.93387e-04,	-1.20619e-03	
15	1.412538e+01	-7.07863e-04,	-1.22983e-03	
16	1.445440e+01	-7.22916e-04,	-1.25376e-03	
17	1.479108e+01	-7.38565e-04,	-1.27798e-03	
18	1.513561e+01	-7.54828e-04,	-1.30248e-03	
19	1.548817e+01	-7.71724e-04,	-1.32725e-03	
20	1.584893e+01	-7.89272e-04,	-1.35227e-03	
21	1.621810e+01	-8.07492e-04,	-1.37753e-03	
22	1.659587e+01	-8.26401e-04,	-1.40303e-03	
23	1.698244e+01	-8.46019e-04,	-1.42873e-03	
24	1.737801e+01	-8.66366e-04,	-1.45463e-03	
25	1.778279e+01	-8.87459e-04,	-1.48071e-03	
26	1.819701e+01	-9.09317e-04,	-1.50696e-03	
27	1.862087e+01	-9.31958e-04,	-1.53334e-03	
28	1.905461e+01	-9.55400e-04,	-1.55984e-03	
29	1.949845e+01	-9.79660e-04,	-1.58643e-03	
30	1.995262e+01	-1.00475e-03,	-1.61310e-03	
31	2.041738e+01	-1.03070e-03,	-1.63981e-03	
32	2.089296e+01	-1.05751e-03,	-1.66655e-03	
33	2.137962e+01	-1.08520e-03,	-1.69327e-03	
34	2.187762e+01	-1.11378e-03,	-1.71995e-03	
35	2.238721e+01	-1.14327e-03,	-1.74656e-03	
36	2.290868e+01	-1.17368e-03,	-1.77307e-03	
37	2.344229e+01	-1.20501e-03,	-1.79944e-03	
38	2.398833e+01	-1.23728e-03,	-1.82564e-03	
39	2.454709e+01	-1.27049e-03,	-1.85163e-03	
40	2.511886e+01	-1.30465e-03,	-1.87737e-03	
41	2.570396e+01	-1.33975e-03,	-1.90283e-03	
42	2.630268e+01	-1.37581e-03,	-1.92797e-03	
43	2.691535e+01	-1.41282e-03,	-1.95274e-03	
44	2.754229e+01	-1.45078e-03,	-1.97710e-03	
45	2.818383e+01	-1.48968e-03,	-2.00101e-03	
46	2.884032e+01	-1.52951e-03,	-2.02444e-03	
47	2.951209e+01	-1.57028e-03,	-2.04733e-03	
48	3.019952e+01	-1.61196e-03,	-2.06964e-03	
49	3.090295e+01	-1.65454e-03,	-2.09133e-03	
50	3.162278e+01	-1.69800e-03,	-2.11236e-03	
51	3.235937e+01	-1.74233e-03,	-2.13268e-03	
52	3.311311e+01	-1.78750e-03,	-2.15225e-03	
53	3.388442e+01	-1.83348e-03,	-2.17103e-03	
54	3.467369e+01	-1.88026e-03,	-2.18897e-03	

Index   frequency       v1#branch                       
--------------------------------------------------------------------------------
55	3.548134e+01	-1.92779e-03,	-2.20604e-03	
56	3.630781e+01	-1.97605e-03,	-2.22220e-03	
57	3.715352e+01	-2.02500e-03,	-2.23741e-03	
58	3.801894e+01	-2.07460e-03,	-2.25163e-03	
59	3.890451e+01	-2.12481e-03,	-2.26482e-03	
60	3.981072e+01	-2.17559e-03,	-2.27697e-03	
61	4.073803e+01	-2.22689e-03,	-2.28803e-03	
62	4.168694e+01	-2.27867e-03,	-2.29797e-03	
63	4.265795e+01	-2.33088e-03,	-2.30678e-03	
64	4.365158e+01	-2.38347e-03,	-2.31443e-03	
65	4.466836e+01	-2.43638e-03,	-2.32090e-03	
66	4.570882e+01	-2.48956e-03,	-2.32617e-03	
67	4.677351e+01	-2.54296e-03,	-2.33023e-03	
68	4.786301e+01	-2.59652e-03,	-2.33307e-03	
69	4.897788e+01	-2.65018e-03,	-2.33468e-03	
70	5.011872e+01	-2.70389e-03,	-2.33506e-03	
71	5.128614e+01	-2.75760e-03,	-2.33419e-03	
72	5.248075e+01	-2.81123e-03,	-2.33210e-03	
73	5.370318e+01	-2.86475e-03,	-2.32878e-03	
74	5.495409e+01	-2.91808e-03,	-2.32424e-03	
75	5.623413e+01	-2.97119e-03,	-2.31849e-03	
76	5.754399e+01	-3.02400e-03,	-2.31155e-03	
77	5.888437e+01	-3.07647e-03,	-2.30343e-03	
78	6.025596e+01	-3.12855e-03,	-2.29416e-03	
79	6.165950e+01	-3.18019e-03,	-2.28376e-03	
80	6.309573e+01	-3.23134e-03,	-2.27226e-03	
81	6.456542e+01	-3.28194e-03,	-2.25968e-03	
82	6.606934e+01	-3.33197e-03,	-2.24605e-03	
83	6.760830e+01	-3.38137e-03,	-2.23141e-03	
84	6.918310e+01	-3.43011e-03,	-2.21580e-03	
85	7.079458e+01	-3.47814e-03,	-2.19925e-03	
86	7.244360e+01	-3.52544e-03,	-2.18179e-03	
87	7.413102e+01	-3.57197e-03,	-2.16347e-03	
88	7.585776e+01	-3.61770e-03,	-2.14433e-03	
89	7.762471e+01	-3.66261e-03,	-2.12441e-03	
90	7.943282e+01	-3.70667e-03,	-2.10375e-03	
91	8.128305e+01	-3.74986e-03,	-2.08240e-03	
92	8.317638e+01	-3.79216e-03,	-2.06039e-03	
93	8.511380e+01	-3.83355e-03,	-2.03778e-03	
94	8.709636e+01	-3.87402e-03,	-2.01460e-03	
95	8.912509e+01	-3.91357e-03,	-1.99090e-03	
96	9.120108e+01	-3.95217e-03,	-1.96671e-03	
97	9.332543e+01	-3.98983e-03,	-1.94210e-03	
98	9.549926e+01	-4.02654e-03,	-1.91708e-03	
99	9.772372e+01	-4.06229e-03,	-1.89172e-03	
100	1.000000e+02	-4.09710e-03,	-1.86604e-03	
101	1.023293e+02	-4.13095e-03,	-1.84008e-03	
102	1.047129e+02	-4.16386e-03,	-1.81389e-03	
103	1.071519e+02	-4.19583e-03,	-1.78750e-03	
104	1.096478e+02	-4.22687e-03,	-1.76095e-03	
105	1.122018e+02	-4.25698e-03,	-1.73426e-03	
106	1.148154e+02	-4.28618e-03,	-1.70748e-03	
107	1.174898e+02	-4.31447e-03,	-1.68064e-03	
108	1.202264e+02	-4.34188e-03,	-1.65377e-03	
109	1.230269e+02	-4.36841e-03,	-1.62689e-03	
110	1.258925e+02	-4.39408e-03,	-1.60004e-03	
111	1.288250e+02	-4.41890e-03,	-1.57324e-03	
112	1.318257e+02	-4.44289e-03,	-1.54652e-03	

Index   frequency       v1#branch                       
--------------------------------------------------------------------------------
113	1.348963e+02	-4.46607e-03,	-1.51989e-03	
114	1.380384e+02	-4.48845e-03,	-1.49339e-03	
115	1.412538e+02	-4.51006e-03,	-1.46703e-03	
116	1.445440e+02	-4.53090e-03,	-1.44084e-03	
117	1.479108e+02	-4.55101e-03,	-1.41483e-03	
118	1.513561e+02	-4.57039e-03,	-1.38901e-03	
119	1.548817e+02	-4.58906e-03,	-1.36342e-03	
120	1.584893e+02	-4.60705e-03,	-1.33805e-03	
121	1.621810e+02	-4.62438e-03,	-1.31292e-03	
122	1.659587e+02	-4.64105e-03,	-1.28805e-03	
123	1.698244e+02	-4.65710e-03,	-1.26345e-03	
124	1.737801e+02	-4.67254e-03,	-1.23913e-03	
125	1.778279e+02	-4.68739e-03,	-1.21509e-03	
126	1.819701e+02	-4.70167e-03,	-1.19134e-03	
127	1.862087e+02	-4.71539e-03,	-1.16790e-03	
128	1.905461e+02	-4.72857e-03,	-1.14477e-03	
129	1.949845e+02	-4.74124e-03,	-1.12196e-03	
130	1.995262e+02	-4.75340e-03,	-1.09946e-03	
131	2.041738e+02	-4.76509e-03,	-1.07729e-03	
132	2.089296e+02	-4.77630e-03,	-1.05544e-03	
133	2.137962e+02	-4.78706e-03,	-1.03393e-03	
134	2.187762e+02	-4.79739e-03,	-1.01275e-03	
135	2.238721e+02	-4.80730e-03,	-9.91902e-04	
136	2.290868e+02	-4.81680e-03,	-9.71392e-04	
137	2.344229e+02	-4.82591e-03,	-9.51218e-04	
138	2.398833e+02	-4.83465e-03,	-9.31382e-04	
139	2.454709e+02	-4.84303e-03,	-9.11882e-04	
140	2.511886e+02	-4.85106e-03,	-8.92718e-04	
141	2.570396e+02	-4.85875e-03,	-8.73889e-04	
142	2.630268e+02	-4.86612e-03,	-8.55393e-04	
143	2.691535e+02	-4.87319e-03,	-8.37229e-04	
144	2.754229e+02	-4.87995e-03,	-8.19394e-04	
145	2.818383e+02	-4.88643e-03,	-8.01887e-04	
146	2.884032e+02	-4.89264e-03,	-7.84705e-04	
147	2.951209e+02	-4.89858e-03,	-7.67844e-04	
148	3.019952e+02	-4.90427e-03,	-7.51303e-04	
149	3.090295e+02	-4.90972e-03,	-7.35077e-04	
150	3.162278e+02	-4.91494e-03,	-7.19164e-04	
151	3.235937e+02	-4.91993e-03,	-7.03560e-04	
152	3.311311e+02	-4.92470e-03,	-6.88261e-04	
153	3.388442e+02	-4.92928e-03,	-6.73263e-04	
154	3.467369e+02	-4.93365e-03,	-6.58563e-04	
155	3.548134e+02	-4.93783e-03,	-6.44157e-04	
156	3.630781e+02	-4.94184e-03,	-6.30040e-04	
157	3.715352e+02	-4.94567e-03,	-6.16208e-04	
158	3.801894e+02	-4.94933e-03,	-6.02658e-04	
159	3.890451e+02	-4.95284e-03,	-5.89384e-04	
160	3.981072e+02	-4.95619e-03,	-5.76383e-04	
161	4.073803e+02	-4.95939e-03,	-5.63650e-04	
162	4.168694e+02	-4.96246e-03,	-5.51182e-04	
163	4.265795e+02	-4.96539e-03,	-5.38973e-04	
164	4.365158e+02	-4.96819e-03,	-5.27019e-04	
165	4.466836e+02	-4.97087e-03,	-5.15316e-04	
166	4.570882e+02	-4.97343e-03,	-5.03860e-04	
167	4.677351e+02	-4.97588e-03,	-4.92646e-04	
168	4.786301e+02	-4.97822e-03,	-4.81670e-04	
169	4.897788e+02	-4.98046e-03,	-4.70927e-04	
170	5.011872e+02	-4.98260e-03,	-4.60414e-04	

Index   frequency       v1#branch                       
--------------------------------------------------------------------------------
171	5.128614e+02	-4.98465e-03,	-4.50126e-04	
172	5.248075e+02	-4.98660e-03,	-4.40059e-04	
173	5.370318e+02	-4.98847e-03,	-4.30208e-04	
174	5.495409e+02	-4.99025e-03,	-4.20570e-04	
175	5.623413e+02	-4.99196e-03,	-4.11141e-04	
176	5.754399e+02	-4.99359e-03,	-4.01916e-04	
177	5.888437e+02	-4.99515e-03,	-3.92892e-04	
178	6.025596e+02	-4.99664e-03,	-3.84064e-04	
179	6.165950e+02	-4.99806e-03,	-3.75428e-04	
180	6.309573e+02	-4.99942e-03,	-3.66981e-04	
181	6.456542e+02	-5.00072e-03,	-3.58720e-04	
182	6.606934e+02	-5.00196e-03,	-3.50639e-04	
183	6.760830e+02	-5.00315e-03,	-3.42736e-04	
184	6.918310e+02	-5.00428e-03,	-3.35007e-04	
185	7.079458e+02	-5.00537e-03,	-3.27448e-04	
186	7.244360e+02	-5.00640e-03,	-3.20056e-04	
187	7.413102e+02	-5.00739e-03,	-3.12827e-04	
188	7.585776e+02	-5.00834e-03,	-3.05759e-04	
189	7.762471e+02	-5.00924e-03,	-2.98846e-04	
190	7.943282e+02	-5.01010e-03,	-2.92087e-04	
191	8.128305e+02	-5.01092e-03,	-2.85478e-04	
192	8.317638e+02	-5.01171e-03,	-2.79016e-04	
193	8.511380e+02	-5.01246e-03,	-2.72697e-04	
194	8.709636e+02	-5.01318e-03,	-2.66519e-04	
195	8.912509e+02	-5.01387e-03,	-2.60479e-04	
196	9.120108e+02	-5.01452e-03,	-2.54573e-04	
197	9.332543e+02	-5.01515e-03,	-2.48800e-04	
198	9.549926e+02	-5.01575e-03,	-2.43155e-04	
199	9.772372e+02	-5.01632e-03,	-2.37636e-04	
200	1.000000e+03	-5.01686e-03,	-2.32240e-04	
201	1.023293e+03	-5.01738e-03,	-2.26965e-04	
202	1.047129e+03	-5.01788e-03,	-2.21809e-04	
203	1.071519e+03	-5.01836e-03,	-2.16767e-04	
204	1.096478e+03	-5.01881e-03,	-2.11839e-04	
205	1.122018e+03	-5.01925e-03,	-2.07021e-04	
206	1.148154e+03	-5.01966e-03,	-2.02311e-04	
207	1.174898e+03	-5.02006e-03,	-1.97707e-04	
208	1.202264e+03	-5.02043e-03,	-1.93206e-04	
209	1.230269e+03	-5.02080e-03,	-1.88806e-04	
210	1.258925e+03	-5.02114e-03,	-1.84505e-04	
211	1.288250e+03	-5.02147e-03,	-1.80301e-04	
212	1.318257e+03	-5.02178e-03,	-1.76191e-04	
213	1.348963e+03	-5.02209e-03,	-1.72173e-04	
214	1.380384e+03	-5.02237e-03,	-1.68246e-04	
215	1.412538e+03	-5.02265e-03,	-1.64407e-04	
216	1.445440e+03	-5.02291e-03,	-1.60654e-04	
217	1.479108e+03	-5.02316e-03,	-1.56986e-04	
218	1.513561e+03	-5.02340e-03,	-1.53400e-04	
219	1.548817e+03	-5.02363e-03,	-1.49894e-04	
220	1.584893e+03	-5.02384e-03,	-1.46468e-04	
221	1.621810e+03	-5.02405e-03,	-1.43118e-04	
222	1.659587e+03	-5.02425e-03,	-1.39844e-04	
223	1.698244e+03	-5.02444e-03,	-1.36643e-04	
224	1.737801e+03	-5.02462e-03,	-1.33515e-04	
225	1.778279e+03	-5.02479e-03,	-1.30457e-04	
226	1.819701e+03	-5.02496e-03,	-1.27467e-04	
227	1.862087e+03	-5.02512e-03,	-1.24545e-04	
228	1.905461e+03	-5.02527e-03,	-1.21688e-04	

Index   frequency       v1#branch                       
--------------------------------------------------------------------------------
229	1.949845e+03	-5.02541e-03,	-1.18895e-04	
230	1.995262e+03	-5.02555e-03,	-1.16165e-04	
231	2.041738e+03	-5.02568e-03,	-1.13497e-04	
232	2.089296e+03	-5.02581e-03,	-1.10888e-04	
233	2.137962e+03	-5.02593e-03,	-1.08338e-04	
234	2.187762e+03	-5.02604e-03,	-1.05845e-04	
235	2.238721e+03	-5.02615e-03,	-1.03408e-04	
236	2.290868e+03	-5.02625e-03,	-1.01025e-04	
237	2.344229e+03	-5.02635e-03,	-9.86964e-05	
238	2.398833e+03	-5.02645e-03,	-9.64194e-05	
239	2.454709e+03	-5.02654e-03,	-9.41934e-05	
240	2.511886e+03	-5.02663e-03,	-9.20171e-05	
241	2.570396e+03	-5.02671e-03,	-8.98895e-05	
242	2.630268e+03	-5.02679e-03,	-8.78094e-05	
243	2.691535e+03	-5.02687e-03,	-8.57757e-05	
244	2.754229e+03	-5.02694e-03,	-8.37873e-05	
245	2.818383e+03	-5.02701e-03,	-8.18433e-05	
246	2.884032e+03	-5.02707e-03,	-7.99426e-05	
247	2.951209e+03	-5.02714e-03,	-7.80841e-05	
248	3.019952e+03	-5.02720e-03,	-7.62670e-05	
249	3.090295e+03	-5.02725e-03,	-7.44901e-05	
250	3.162278e+03	-5.02731e-03,	-7.27528e-05	
251	3.235937e+03	-5.02736e-03,	-7.10539e-05	
252	3.311311e+03	-5.02741e-03,	-6.93926e-05	
253	3.388442e+03	-5.02746e-03,	-6.77680e-05	
254	3.467369e+03	-5.02750e-03,	-6.61793e-05	
255	3.548134e+03	-5.02755e-03,	-6.46256e-05	
256	3.630781e+03	-5.02759e-03,	-6.31061e-05	
257	3.715352e+03	-5.02763e-03,	-6.16201e-05	
258	3.801894e+03	-5.02767e-03,	-6.01667e-05	
259	3.890451e+03	-5.02770e-03,	-5.87451e-05	
260	3.981072e+03	-5.02774e-03,	-5.73546e-05	
261	4.073803e+03	-5.02777e-03,	-5.59945e-05	
262	4.168694e+03	-5.02780e-03,	-5.46641e-05	
263	4.265795e+03	-5.02783e-03,	-5.33626e-05	
264	4.365158e+03	-5.02786e-03,	-5.20893e-05	
265	4.466836e+03	-5.02789e-03,	-5.08437e-05	
266	4.570882e+03	-5.02791e-03,	-4.96250e-05	
267	4.677351e+03	-5.02794e-03,	-4.84326e-05	
268	4.786301e+03	-5.02796e-03,	-4.72658e-05	
269	4.897788e+03	-5.02799e-03,	-4.61240e-05	
270	5.011872e+03	-5.02801e-03,	-4.50067e-05	
271	5.128614e+03	-5.02803e-03,	-4.39133e-05	
272	5.248075e+03	-5.02805e-03,	-4.28431e-05	
273	5.370318e+03	-5.02807e-03,	-4.17956e-05	
274	5.495409e+03	-5.02809e-03,	-4.07703e-05	
275	5.623413e+03	-5.02810e-03,	-3.97665e-05	
276	5.754399e+03	-5.02812e-03,	-3.87838e-05	
277	5.888437e+03	-5.02814e-03,	-3.78217e-05	
278	6.025596e+03	-5.02815e-03,	-3.68796e-05	
279	6.165950e+03	-5.02816e-03,	-3.59571e-05	
280	6.309573e+03	-5.02818e-03,	-3.50536e-05	
281	6.456542e+03	-5.02819e-03,	-3.41687e-05	
282	6.606934e+03	-5.02820e-03,	-3.33019e-05	
283	6.760830e+03	-5.02822e-03,	-3.24527e-05	
284	6.918310e+03	-5.02823e-03,	-3.16208e-05	
285	7.079458e+03	-5.02824e-03,	-3.08056e-05	
286	7.244360e+03	-5.02825e-03,	-3.00067e-05	

Index   frequency       v1#branch                       
--------------------------------------------------------------------------------
287	7.413102e+03	-5.02826e-03,	-2.92237e-05	
288	7.585776e+03	-5.02827e-03,	-2.84563e-05	
289	7.762471e+03	-5.02828e-03,	-2.77039e-05	
290	7.943282e+03	-5.02829e-03,	-2.69662e-05	
291	8.128305e+03	-5.02829e-03,	-2.62427e-05	
292	8.317638e+03	-5.02830e-03,	-2.55332e-05	
293	8.511380e+03	-5.02831e-03,	-2.48373e-05	
294	8.709636e+03	-5.02832e-03,	-2.41544e-05	
295	8.912509e+03	-5.02832e-03,	-2.34844e-05	
296	9.120108e+03	-5.02833e-03,	-2.28269e-05	
297	9.332543e+03	-5.02834e-03,	-2.21814e-05	
298	9.549926e+03	-5.02834e-03,	-2.15477e-05	
299	9.772372e+03	-5.02835e-03,	-2.09254e-05	
300	1.000000e+04	-5.02835e-03,	-2.03142e-05	
301	1.023293e+04	-5.02836e-03,	-1.97138e-05	
302	1.047129e+04	-5.02836e-03,	-1.91239e-05	
303	1.071519e+04	-5.02837e-03,	-1.85440e-05	
304	1.096478e+04	-5.02837e-03,	-1.79740e-05	
305	1.122018e+04	-5.02838e-03,	-1.74136e-05	
306	1.148154e+04	-5.02838e-03,	-1.68623e-05	
307	1.174898e+04	-5.02838e-03,	-1.63200e-05	
308	1.202264e+04	-5.02839e-03,	-1.57864e-05	
309	1.230269e+04	-5.02839e-03,	-1.52611e-05	
310	1.258925e+04	-5.02840e-03,	-1.47439e-05	
311	1.288250e+04	-5.02840e-03,	-1.42345e-05	
312	1.318257e+04	-5.02840e-03,	-1.37327e-05	
313	1.348963e+04	-5.02840e-03,	-1.32381e-05	
314	1.380384e+04	-5.02841e-03,	-1.27506e-05	
315	1.412538e+04	-5.02841e-03,	-1.22698e-05	
316	1.445440e+04	-5.02841e-03,	-1.17956e-05	
317	1.479108e+04	-5.02841e-03,	-1.13276e-05	
318	1.513561e+04	-5.02842e-03,	-1.08655e-05	
319	1.548817e+04	-5.02842e-03,	-1.04093e-05	
320	1.584893e+04	-5.02842e-03,	-9.95857e-06	
321	1.621810e+04	-5.02842e-03,	-9.51312e-06	
322	1.659587e+04	-5.02842e-03,	-9.07271e-06	
323	1.698244e+04	-5.02843e-03,	-8.63712e-06	
324	1.737801e+04	-5.02843e-03,	-8.20610e-06	
325	1.778279e+04	-5.02843e-03,	-7.77943e-06	
326	1.819701e+04	-5.02843e-03,	-7.35689e-06	
327	1.862087e+04	-5.02843e-03,	-6.93825e-06	
328	1.905461e+04	-5.02843e-03,	-6.52329e-06	
329	1.949845e+04	-5.02843e-03,	-6.11178e-06	
330	1.995262e+04	-5.02844e-03,	-5.70352e-06	
331	2.041738e+04	-5.02844e-03,	-5.29828e-06	
332	2.089296e+04	-5.02844e-03,	-4.89584e-06	
333	2.137962e+04	-5.02844e-03,	-4.49601e-06	
334	2.187762e+04	-5.02844e-03,	-4.09855e-06	
335	2.238721e+04	-5.02844e-03,	-3.70327e-06	
336	2.290868e+04	-5.02844e-03,	-3.30996e-06	
337	2.344229e+04	-5.02844e-03,	-2.91840e-06	
338	2.398833e+04	-5.02844e-03,	-2.52838e-06	
339	2.454709e+04	-5.02844e-03,	-2.13971e-06	
340	2.511886e+04	-5.02844e-03,	-1.75217e-06	
341	2.570396e+04	-5.02844e-03,	-1.36556e-06	
342	2.630268e+04	-5.02844e-03,	-9.79670e-07	
343	2.691535e+04	-5.02844e-03,	-5.94303e-07	
344	2.754229e+04	-5.02844e-03,	-2.09250e-07	

Index   frequency       v1#branch                       
--------------------------------------------------------------------------------
345	2.818383e+04	-5.02844e-03,	1.756910e-07	
346	2.884032e+04	-5.02844e-03,	5.607256e-07	
347	2.951209e+04	-5.02844e-03,	9.460576e-07	
348	3.019952e+04	-5.02844e-03,	1.331891e-06	
349	3.090295e+04	-5.02844e-03,	1.718431e-06	
350	3.162278e+04	-5.02844e-03,	2.105882e-06	
351	3.235937e+04	-5.02844e-03,	2.494449e-06	
352	3.311311e+04	-5.02844e-03,	2.884339e-06	
353	3.388442e+04	-5.02844e-03,	3.275758e-06	
354	3.467369e+04	-5.02844e-03,	3.668914e-06	
355	3.548134e+04	-5.02844e-03,	4.064015e-06	
356	3.630781e+04	-5.02844e-03,	4.461271e-06	
357	3.715352e+04	-5.02844e-03,	4.860892e-06	
358	3.801894e+04	-5.02844e-03,	5.263090e-06	
359	3.890451e+04	-5.02844e-03,	5.668079e-06	
360	3.981072e+04	-5.02844e-03,	6.076073e-06	
361	4.073803e+04	-5.02844e-03,	6.487288e-06	
362	4.168694e+04	-5.02844e-03,	6.901943e-06	
363	4.265795e+04	-5.02844e-03,	7.320257e-06	
364	4.365158e+04	-5.02843e-03,	7.742452e-06	
365	4.466836e+04	-5.02843e-03,	8.168751e-06	
366	4.570882e+04	-5.02843e-03,	8.599382e-06	
367	4.677351e+04	-5.02843e-03,	9.034572e-06	
368	4.786301e+04	-5.02843e-03,	9.474552e-06	
369	4.897788e+04	-5.02843e-03,	9.919554e-06	
370	5.011872e+04	-5.02843e-03,	1.036982e-05	
371	5.128614e+04	-5.02842e-03,	1.082558e-05	
372	5.248075e+04	-5.02842e-03,	1.128708e-05	
373	5.370318e+04	-5.02842e-03,	1.175456e-05	
374	5.495409e+04	-5.02842e-03,	1.222827e-05	
375	5.623413e+04	-5.02842e-03,	1.270847e-05	
376	5.754399e+04	-5.02841e-03,	1.319541e-05	
377	5.888437e+04	-5.02841e-03,	1.368934e-05	
378	6.025596e+04	-5.02841e-03,	1.419053e-05	
379	6.165950e+04	-5.02841e-03,	1.469924e-05	
380	6.309573e+04	-5.02840e-03,	1.521574e-05	
381	6.456542e+04	-5.02840e-03,	1.574031e-05	
382	6.606934e+04	-5.02840e-03,	1.627323e-05	
383	6.760830e+04	-5.02839e-03,	1.681477e-05	
384	6.918310e+04	-5.02839e-03,	1.736523e-05	
385	7.079458e+04	-5.02839e-03,	1.792489e-05	
386	7.244360e+04	-5.02838e-03,	1.849406e-05	
387	7.413102e+04	-5.02838e-03,	1.907303e-05	
388	7.585776e+04	-5.02837e-03,	1.966211e-05	
389	7.762471e+04	-5.02837e-03,	2.026162e-05	
390	7.943282e+04	-5.02837e-03,	2.087187e-05	
391	8.128305e+04	-5.02836e-03,	2.149318e-05	
392	8.317638e+04	-5.02836e-03,	2.212588e-05	
393	8.511380e+04	-5.02835e-03,	2.277032e-05	
394	8.709636e+04	-5.02835e-03,	2.342682e-05	
395	8.912509e+04	-5.02834e-03,	2.409575e-05	
396	9.120108e+04	-5.02833e-03,	2.477744e-05	
397	9.332543e+04	-5.02833e-03,	2.547227e-05	
398	9.549926e+04	-5.02832e-03,	2.618061e-05	
399	9.772372e+04	-5.02831e-03,	2.690282e-05	
400	1.000000e+05	-5.02831e-03,	2.763929e-05	
401	1.023293e+05	-5.02830e-03,	2.839042e-05	
402	1.047129e+05	-5.02829e-03,	2.915659e-05	

Index   frequency       v1#branch                       
--------------------------------------------------------------------------------
403	1.071519e+05	-5.02828e-03,	2.993822e-05	
404	1.096478e+05	-5.02827e-03,	3.073572e-05	
405	1.122018e+05	-5.02826e-03,	3.154950e-05	
406	1.148154e+05	-5.02825e-03,	3.238001e-05	
407	1.174898e+05	-5.02824e-03,	3.322769e-05	
408	1.202264e+05	-5.02823e-03,	3.409297e-05	
409	1.230269e+05	-5.02822e-03,	3.497633e-05	
410	1.258925e+05	-5.02821e-03,	3.587822e-05	
411	1.288250e+05	-5.02820e-03,	3.679913e-05	
412	1.318257e+05	-5.02819e-03,	3.773954e-05	
413	1.348963e+05	-5.02817e-03,	3.869996e-05	
414	1.380384e+05	-5.02816e-03,	3.968088e-05	
415	1.412538e+05	-5.02814e-03,	4.068283e-05	
416	1.445440e+05	-5.02813e-03,	4.170635e-05	
417	1.479108e+05	-5.02811e-03,	4.275196e-05	
418	1.513561e+05	-5.02810e-03,	4.382023e-05	
419	1.548817e+05	-5.02808e-03,	4.491172e-05	
420	1.584893e+05	-5.02806e-03,	4.602701e-05	
421	1.621810e+05	-5.02804e-03,	4.716669e-05	
422	1.659587e+05	-5.02802e-03,	4.833136e-05	
423	1.698244e+05	-5.02800e-03,	4.952164e-05	
424	1.737801e+05	-5.02798e-03,	5.073816e-05	
425	1.778279e+05	-5.02795e-03,	5.198156e-05	
426	1.819701e+05	-5.02793e-03,	5.325250e-05	
427	1.862087e+05	-5.02790e-03,	5.455166e-05	
428	1.905461e+05	-5.02788e-03,	5.587971e-05	
429	1.949845e+05	-5.02785e-03,	5.723737e-05	
430	1.995262e+05	-5.02782e-03,	5.862534e-05	
431	2.041738e+05	-5.02779e-03,	6.004437e-05	
432	2.089296e+05	-5.02776e-03,	6.149520e-05	
433	2.137962e+05	-5.02772e-03,	6.297861e-05	
434	2.187762e+05	-5.02769e-03,	6.449537e-05	
435	2.238721e+05	-5.02765e-03,	6.604629e-05	
436	2.290868e+05	-5.02761e-03,	6.763218e-05	
437	2.344229e+05	-5.02757e-03,	6.925389e-05	
438	2.398833e+05	-5.02753e-03,	7.091226e-05	
439	2.454709e+05	-5.02748e-03,	7.260819e-05	
440	2.511886e+05	-5.02744e-03,	7.434256e-05	
441	2.570396e+05	-5.02739e-03,	7.611628e-05	
442	2.630268e+05	-5.02734e-03,	7.793030e-05	
443	2.691535e+05	-5.02729e-03,	7.978557e-05	
444	2.754229e+05	-5.02723e-03,	8.168307e-05	
445	2.818383e+05	-5.02717e-03,	8.362380e-05	
446	2.884032e+05	-5.02711e-03,	8.560878e-05	
447	2.951209e+05	-5.02705e-03,	8.763907e-05	
448	3.019952e+05	-5.02698e-03,	8.971573e-05	
449	3.090295e+05	-5.02691e-03,	9.183985e-05	
450	3.162278e+05	-5.02683e-03,	9.401255e-05	
451	3.235937e+05	-5.02676e-03,	9.623498e-05	
452	3.311311e+05	-5.02668e-03,	9.850831e-05	
453	3.388442e+05	-5.02659e-03,	1.008337e-04	
454	3.467369e+05	-5.02650e-03,	1.032125e-04	
455	3.548134e+05	-5.02641e-03,	1.056458e-04	
456	3.630781e+05	-5.02631e-03,	1.081349e-04	
457	3.715352e+05	-5.02621e-03,	1.106812e-04	
458	3.801894e+05	-5.02611e-03,	1.132860e-04	
459	3.890451e+05	-5.02599e-03,	1.159507e-04	
460	3.981072e+05	-5.02588e-03,	1.186766e-04	

Index   frequency       v1#branch                       
--------------------------------------------------------------------------------
461	4.073803e+05	-5.02575e-03,	1.214652e-04	
462	4.168694e+05	-5.02563e-03,	1.243180e-04	
463	4.265795e+05	-5.02549e-03,	1.272364e-04	
464	4.365158e+05	-5.02535e-03,	1.302219e-04	
465	4.466836e+05	-5.02521e-03,	1.332762e-04	
466	4.570882e+05	-5.02505e-03,	1.364008e-04	
467	4.677351e+05	-5.02489e-03,	1.395974e-04	
468	4.786301e+05	-5.02472e-03,	1.428677e-04	
469	4.897788e+05	-5.02455e-03,	1.462132e-04	
470	5.011872e+05	-5.02436e-03,	1.496358e-04	
471	5.128614e+05	-5.02417e-03,	1.531373e-04	
472	5.248075e+05	-5.02396e-03,	1.567195e-04	
473	5.370318e+05	-5.02375e-03,	1.603843e-04	
474	5.495409e+05	-5.02353e-03,	1.641335e-04	
475	5.623413e+05	-5.02330e-03,	1.679691e-04	
476	5.754399e+05	-5.02305e-03,	1.718931e-04	
477	5.888437e+05	-5.02280e-03,	1.759075e-04	
478	6.025596e+05	-5.02253e-03,	1.800144e-04	
479	6.165950e+05	-5.02225e-03,	1.842160e-04	
480	6.309573e+05	-5.02196e-03,	1.885143e-04	
481	6.456542e+05	-5.02165e-03,	1.929116e-04	
482	6.606934e+05	-5.02133e-03,	1.974102e-04	
483	6.760830e+05	-5.02100e-03,	2.020125e-04	
484	6.918310e+05	-5.02064e-03,	2.067206e-04	
485	7.079458e+05	-5.02028e-03,	2.115371e-04	
486	7.244360e+05	-5.01989e-03,	2.164645e-04	
487	7.413102e+05	-5.01949e-03,	2.215052e-04	
488	7.585776e+05	-5.01906e-03,	2.266618e-04	
489	7.762471e+05	-5.01862e-03,	2.319369e-04	
490	7.943282e+05	-5.01816e-03,	2.373333e-04	
491	8.128305e+05	-5.01767e-03,	2.428536e-04	
492	8.317638e+05	-5.01717e-03,	2.485007e-04	
493	8.511380e+05	-5.01663e-03,	2.542774e-04	
494	8.709636e+05	-5.01608e-03,	2.601866e-04	
495	8.912509e+05	-5.01549e-03,	2.662313e-04	
496	9.120108e+05	-5.01488e-03,	2.724144e-04	
497	9.332543e+05	-5.01425e-03,	2.787392e-04	
498	9.549926e+05	-5.01358e-03,	2.852088e-04	
499	9.772372e+05	-5.01288e-03,	2.918263e-04	
500	1.000000e+06	-5.01214e-03,	2.985950e-04	
501	1.023293e+06	-5.01138e-03,	3.055184e-04	
502	1.047129e+06	-5.01057e-03,	3.125997e-04	
503	1.071519e+06	-5.00973e-03,	3.198424e-04	
504	1.096478e+06	-5.00885e-03,	3.272502e-04	
505	1.122018e+06	-5.00793e-03,	3.348266e-04	
506	1.148154e+06	-5.00697e-03,	3.425752e-04	
507	1.174898e+06	-5.00596e-03,	3.504998e-04	
508	1.202264e+06	-5.00490e-03,	3.586043e-04	
509	1.230269e+06	-5.00380e-03,	3.668924e-04	
510	1.258925e+06	-5.00264e-03,	3.753681e-04	
511	1.288250e+06	-5.00143e-03,	3.840354e-04	
512	1.318257e+06	-5.00016e-03,	3.928984e-04	
513	1.348963e+06	-4.99883e-03,	4.019612e-04	
514	1.380384e+06	-4.99744e-03,	4.112280e-04	
515	1.412538e+06	-4.99599e-03,	4.207031e-04	
516	1.445440e+06	-4.99447e-03,	4.303909e-04	
517	1.479108e+06	-4.99288e-03,	4.402956e-04	
518	1.513561e+06	-4.99121e-03,	4.504219e-04	

Index   frequency       v1#branch                       
--------------------------------------------------------------------------------
519	1.548817e+06	-4.98947e-03,	4.607741e-04	
520	1.584893e+06	-4.98764e-03,	4.713570e-04	
521	1.621810e+06	-4.98573e-03,	4.821751e-04	
522	1.659587e+06	-4.98373e-03,	4.932332e-04	
523	1.698244e+06	-4.98164e-03,	5.045359e-04	
524	1.737801e+06	-4.97946e-03,	5.160882e-04	
525	1.778279e+06	-4.97717e-03,	5.278948e-04	
526	1.819701e+06	-4.97477e-03,	5.399607e-04	
527	1.862087e+06	-4.97227e-03,	5.522909e-04	
528	1.905461e+06	-4.96965e-03,	5.648903e-04	
529	1.949845e+06	-4.96691e-03,	5.777639e-04	
530	1.995262e+06	-4.96404e-03,	5.909168e-04	
531	2.041738e+06	-4.96104e-03,	6.043542e-04	
532	2.089296e+06	-4.95790e-03,	6.180810e-04	
533	2.137962e+06	-4.95462e-03,	6.321025e-04	
534	2.187762e+06	-4.95119e-03,	6.464238e-04	
535	2.238721e+06	-4.94760e-03,	6.610499e-04	
536	2.290868e+06	-4.94384e-03,	6.759861e-04	
537	2.344229e+06	-4.93992e-03,	6.912374e-04	
538	2.398833e+06	-4.93581e-03,	7.068089e-04	
539	2.454709e+06	-4.93152e-03,	7.227057e-04	
540	2.511886e+06	-4.92704e-03,	7.389328e-04	
541	2.570396e+06	-4.92235e-03,	7.554952e-04	
542	2.630268e+06	-4.91745e-03,	7.723977e-04	
543	2.691535e+06	-4.91232e-03,	7.896452e-04	
544	2.754229e+06	-4.90697e-03,	8.072424e-04	
545	2.818383e+06	-4.90137e-03,	8.251939e-04	
546	2.884032e+06	-4.89553e-03,	8.435042e-04	
547	2.951209e+06	-4.88942e-03,	8.621776e-04	
548	3.019952e+06	-4.88304e-03,	8.812184e-04	
549	3.090295e+06	-4.87637e-03,	9.006305e-04	
550	3.162278e+06	-4.86940e-03,	9.204178e-04	
551	3.235937e+06	-4.86213e-03,	9.405838e-04	
552	3.311311e+06	-4.85454e-03,	9.611319e-04	
553	3.388442e+06	-4.84661e-03,	9.820653e-04	
554	3.467369e+06	-4.83833e-03,	1.003387e-03	
555	3.548134e+06	-4.82969e-03,	1.025098e-03	
556	3.630781e+06	-4.82067e-03,	1.047203e-03	
557	3.715352e+06	-4.81126e-03,	1.069701e-03	
558	3.801894e+06	-4.80144e-03,	1.092595e-03	
559	3.890451e+06	-4.79120e-03,	1.115886e-03	
560	3.981072e+06	-4.78051e-03,	1.139574e-03	
561	4.073803e+06	-4.76937e-03,	1.163658e-03	
562	4.168694e+06	-4.75775e-03,	1.188138e-03	
563	4.265795e+06	-4.74564e-03,	1.213014e-03	
564	4.365158e+06	-4.73302e-03,	1.238282e-03	
565	4.466836e+06	-4.71987e-03,	1.263941e-03	
566	4.570882e+06	-4.70616e-03,	1.289986e-03	
567	4.677351e+06	-4.69189e-03,	1.316415e-03	
568	4.786301e+06	-4.67703e-03,	1.343221e-03	
569	4.897788e+06	-4.66156e-03,	1.370401e-03	
570	5.011872e+06	-4.64546e-03,	1.397945e-03	
571	5.128614e+06	-4.62870e-03,	1.425848e-03	
572	5.248075e+06	-4.61127e-03,	1.454100e-03	
573	5.370318e+06	-4.59315e-03,	1.482692e-03	
574	5.495409e+06	-4.57431e-03,	1.511613e-03	
575	5.623413e+06	-4.55472e-03,	1.540850e-03	
576	5.754399e+06	-4.53438e-03,	1.570391e-03	

Index   frequency       v1#branch                       
--------------------------------------------------------------------------------
577	5.888437e+06	-4.51325e-03,	1.600222e-03	
578	6.025596e+06	-4.49131e-03,	1.630326e-03	
579	6.165950e+06	-4.46854e-03,	1.660686e-03	
580	6.309573e+06	-4.44492e-03,	1.691283e-03	
581	6.456542e+06	-4.42042e-03,	1.722098e-03	
582	6.606934e+06	-4.39502e-03,	1.753109e-03	
583	6.760830e+06	-4.36871e-03,	1.784293e-03	
584	6.918310e+06	-4.34145e-03,	1.815625e-03	
585	7.079458e+06	-4.31323e-03,	1.847079e-03	
586	7.244360e+06	-4.28403e-03,	1.878627e-03	
587	7.413102e+06	-4.25383e-03,	1.910240e-03	
588	7.585776e+06	-4.22261e-03,	1.941885e-03	
589	7.762471e+06	-4.19035e-03,	1.973531e-03	
590	7.943282e+06	-4.15703e-03,	2.005143e-03	
591	8.128305e+06	-4.12264e-03,	2.036684e-03	
592	8.317638e+06	-4.08717e-03,	2.068117e-03	
593	8.511380e+06	-4.05060e-03,	2.099401e-03	
594	8.709636e+06	-4.01293e-03,	2.130497e-03	
595	8.912509e+06	-3.97413e-03,	2.161362e-03	
596	9.120108e+06	-3.93421e-03,	2.191950e-03	
597	9.332543e+06	-3.89316e-03,	2.222218e-03	
598	9.549926e+06	-3.85097e-03,	2.252119e-03	
599	9.772372e+06	-3.80765e-03,	2.281604e-03	
600	1.000000e+07	-3.76319e-03,	2.310624e-03	
601	1.023293e+07	-3.71761e-03,	2.339131e-03	
602	1.047129e+07	-3.67090e-03,	2.367072e-03	
603	1.071519e+07	-3.62307e-03,	2.394398e-03	
604	1.096478e+07	-3.57415e-03,	2.421055e-03	
605	1.122018e+07	-3.52413e-03,	2.446992e-03	
606	1.148154e+07	-3.47305e-03,	2.472157e-03	
607	1.174898e+07	-3.42092e-03,	2.496498e-03	
608	1.202264e+07	-3.36777e-03,	2.519962e-03	
609	1.230269e+07	-3.31363e-03,	2.542499e-03	
610	1.258925e+07	-3.25851e-03,	2.564058e-03	
611	1.288250e+07	-3.20247e-03,	2.584590e-03	
612	1.318257e+07	-3.14554e-03,	2.604047e-03	
613	1.348963e+07	-3.08775e-03,	2.622381e-03	
614	1.380384e+07	-3.02916e-03,	2.639548e-03	
615	1.412538e+07	-2.96980e-03,	2.655504e-03	
616	1.445440e+07	-2.90972e-03,	2.670209e-03	
617	1.479108e+07	-2.84899e-03,	2.683625e-03	
618	1.513561e+07	-2.78765e-03,	2.695714e-03	
619	1.548817e+07	-2.72576e-03,	2.706445e-03	
620	1.584893e+07	-2.66338e-03,	2.715788e-03	
621	1.621810e+07	-2.60058e-03,	2.723715e-03	
622	1.659587e+07	-2.53740e-03,	2.730204e-03	
623	1.698244e+07	-2.47393e-03,	2.735234e-03	
624	1.737801e+07	-2.41022e-03,	2.738789e-03	
625	1.778279e+07	-2.34634e-03,	2.740857e-03	
626	1.819701e+07	-2.28236e-03,	2.741430e-03	
627	1.862087e+07	-2.21835e-03,	2.740502e-03	
628	1.905461e+07	-2.15437e-03,	2.738073e-03	
629	1.949845e+07	-2.09050e-03,	2.734145e-03	
630	1.995262e+07	-2.02681e-03,	2.728727e-03	
631	2.041738e+07	-1.96335e-03,	2.721828e-03	
632	2.089296e+07	-1.90020e-03,	2.713463e-03	
633	2.137962e+07	-1.83742e-03,	2.703650e-03	
634	2.187762e+07	-1.77507e-03,	2.692412e-03	

Index   frequency       v1#branch                       
--------------------------------------------------------------------------------
635	2.238721e+07	-1.71323e-03,	2.679773e-03	
636	2.290868e+07	-1.65193e-03,	2.665762e-03	
637	2.344229e+07	-1.59126e-03,	2.650410e-03	
638	2.398833e+07	-1.53125e-03,	2.633752e-03	
639	2.454709e+07	-1.47197e-03,	2.615825e-03	
640	2.511886e+07	-1.41345e-03,	2.596668e-03	
641	2.570396e+07	-1.35576e-03,	2.576323e-03	
642	2.630268e+07	-1.29894e-03,	2.554834e-03	
643	2.691535e+07	-1.24302e-03,	2.532247e-03	
644	2.754229e+07	-1.18805e-03,	2.508609e-03	
645	2.818383e+07	-1.13405e-03,	2.483967e-03	
646	2.884032e+07	-1.08107e-03,	2.458372e-03	
647	2.951209e+07	-1.02913e-03,	2.431874e-03	
648	3.019952e+07	-9.78256e-04,	2.404524e-03	
649	3.090295e+07	-9.28473e-04,	2.376373e-03	
650	3.162278e+07	-8.79799e-04,	2.347472e-03	
651	3.235937e+07	-8.32251e-04,	2.317872e-03	
652	3.311311e+07	-7.85842e-04,	2.287626e-03	
653	3.388442e+07	-7.40583e-04,	2.256782e-03	
654	3.467369e+07	-6.96483e-04,	2.225393e-03	
655	3.548134e+07	-6.53547e-04,	2.193506e-03	
656	3.630781e+07	-6.11777e-04,	2.161170e-03	
657	3.715352e+07	-5.71174e-04,	2.128433e-03	
658	3.801894e+07	-5.31736e-04,	2.095340e-03	
659	3.890451e+07	-4.93460e-04,	2.061938e-03	
660	3.981072e+07	-4.56339e-04,	2.028270e-03	
661	4.073803e+07	-4.20366e-04,	1.994377e-03	
662	4.168694e+07	-3.85531e-04,	1.960302e-03	
663	4.265795e+07	-3.51823e-04,	1.926083e-03	
664	4.365158e+07	-3.19230e-04,	1.891757e-03	
665	4.466836e+07	-2.87738e-04,	1.857362e-03	
666	4.570882e+07	-2.57332e-04,	1.822932e-03	
667	4.677351e+07	-2.27995e-04,	1.788499e-03	
668	4.786301e+07	-1.99712e-04,	1.754096e-03	
669	4.897788e+07	-1.72464e-04,	1.719751e-03	
670	5.011872e+07	-1.46232e-04,	1.685494e-03	
671	5.128614e+07	-1.20998e-04,	1.651350e-03	
672	5.248075e+07	-9.67427e-05,	1.617344e-03	
673	5.370318e+07	-7.34455e-05,	1.583502e-03	
674	5.495409e+07	-5.10865e-05,	1.549843e-03	
675	5.623413e+07	-2.96453e-05,	1.516390e-03	
676	5.754399e+07	-9.10141e-06,	1.483160e-03	
677	5.888437e+07	1.056578e-05,	1.450174e-03	
678	6.025596e+07	2.937682e-05,	1.417446e-03	
679	6.165950e+07	4.735221e-05,	1.384992e-03	
680	6.309573e+07	6.451233e-05,	1.352828e-03	
681	6.456542e+07	8.087739e-05,	1.320965e-03	
682	6.606934e+07	9.646738e-05,	1.289416e-03	
683	6.760830e+07	1.113020e-04,	1.258193e-03	
684	6.918310e+07	1.254008e-04,	1.227305e-03	
685	7.079458e+07	1.387829e-04,	1.196761e-03	
686	7.244360e+07	1.514670e-04,	1.166571e-03	
687	7.413102e+07	1.634717e-04,	1.136742e-03	
688	7.585776e+07	1.748149e-04,	1.107280e-03	
689	7.762471e+07	1.855144e-04,	1.078193e-03	
690	7.943282e+07	1.955874e-04,	1.049485e-03	
691	8.128305e+07	2.050510e-04,	1.021162e-03	
692	8.317638e+07	2.139214e-04,	9.932283e-04	

Index   frequency       v1#branch                       
--------------------------------------------------------------------------------
693	8.511380e+07	2.222149e-04,	9.656884e-04	
694	8.709636e+07	2.299472e-04,	9.385456e-04	
695	8.912509e+07	2.371335e-04,	9.118033e-04	
696	9.120108e+07	2.437889e-04,	8.854643e-04	
697	9.332543e+07	2.499279e-04,	8.595314e-04	
698	9.549926e+07	2.555647e-04,	8.340066e-04	
699	9.772372e+07	2.607133e-04,	8.088922e-04	
700	1.000000e+08	2.653872e-04,	7.841899e-04	

* /home/fossee/esim-workspace/bjt_frequency_response/bjt_frequency_response.cir
AC Analysis  Thu Mar  3 18:37:14  2016
--------------------------------------------------------------------------------
Index   frequency       v2#branch                       
--------------------------------------------------------------------------------
0	1.000000e+01	-1.62534e-05,	-1.29652e-05	
1	1.023293e+01	-1.63695e-05,	-1.32365e-05	
2	1.047129e+01	-1.64906e-05,	-1.35126e-05	
3	1.071519e+01	-1.66169e-05,	-1.37936e-05	
4	1.096478e+01	-1.67486e-05,	-1.40795e-05	
5	1.122018e+01	-1.68860e-05,	-1.43702e-05	
6	1.148154e+01	-1.70292e-05,	-1.46658e-05	
7	1.174898e+01	-1.71784e-05,	-1.49663e-05	
8	1.202264e+01	-1.73339e-05,	-1.52715e-05	
9	1.230269e+01	-1.74959e-05,	-1.55816e-05	
10	1.258925e+01	-1.76647e-05,	-1.58963e-05	
11	1.288250e+01	-1.78404e-05,	-1.62157e-05	
12	1.318257e+01	-1.80234e-05,	-1.65398e-05	
13	1.348963e+01	-1.82138e-05,	-1.68683e-05	
14	1.380384e+01	-1.84119e-05,	-1.72013e-05	
15	1.412538e+01	-1.86181e-05,	-1.75386e-05	
16	1.445440e+01	-1.88324e-05,	-1.78802e-05	
17	1.479108e+01	-1.90553e-05,	-1.82258e-05	
18	1.513561e+01	-1.92870e-05,	-1.85755e-05	
19	1.548817e+01	-1.95277e-05,	-1.89289e-05	
20	1.584893e+01	-1.97777e-05,	-1.92860e-05	
21	1.621810e+01	-2.00373e-05,	-1.96465e-05	
22	1.659587e+01	-2.03067e-05,	-2.00103e-05	
23	1.698244e+01	-2.05863e-05,	-2.03772e-05	
24	1.737801e+01	-2.08763e-05,	-2.07468e-05	
25	1.778279e+01	-2.11769e-05,	-2.11190e-05	
26	1.819701e+01	-2.14884e-05,	-2.14935e-05	
27	1.862087e+01	-2.18111e-05,	-2.18700e-05	
28	1.905461e+01	-2.21453e-05,	-2.22482e-05	
29	1.949845e+01	-2.24911e-05,	-2.26278e-05	
30	1.995262e+01	-2.28488e-05,	-2.30083e-05	
31	2.041738e+01	-2.32187e-05,	-2.33896e-05	
32	2.089296e+01	-2.36009e-05,	-2.37711e-05	
33	2.137962e+01	-2.39956e-05,	-2.41525e-05	
34	2.187762e+01	-2.44032e-05,	-2.45333e-05	
35	2.238721e+01	-2.48236e-05,	-2.49131e-05	
36	2.290868e+01	-2.52571e-05,	-2.52914e-05	
37	2.344229e+01	-2.57039e-05,	-2.56678e-05	
38	2.398833e+01	-2.61639e-05,	-2.60417e-05	
39	2.454709e+01	-2.66375e-05,	-2.64126e-05	
40	2.511886e+01	-2.71245e-05,	-2.67801e-05	
41	2.570396e+01	-2.76250e-05,	-2.71435e-05	
42	2.630268e+01	-2.81392e-05,	-2.75022e-05	
43	2.691535e+01	-2.86669e-05,	-2.78558e-05	
44	2.754229e+01	-2.92081e-05,	-2.82035e-05	
45	2.818383e+01	-2.97628e-05,	-2.85449e-05	
46	2.884032e+01	-3.03309e-05,	-2.88793e-05	
47	2.951209e+01	-3.09122e-05,	-2.92061e-05	
48	3.019952e+01	-3.15065e-05,	-2.95246e-05	
49	3.090295e+01	-3.21137e-05,	-2.98343e-05	
50	3.162278e+01	-3.27335e-05,	-3.01345e-05	
51	3.235937e+01	-3.33656e-05,	-3.04246e-05	
52	3.311311e+01	-3.40098e-05,	-3.07041e-05	
53	3.388442e+01	-3.46655e-05,	-3.09722e-05	
54	3.467369e+01	-3.53326e-05,	-3.12285e-05	

Index   frequency       v2#branch                       
--------------------------------------------------------------------------------
55	3.548134e+01	-3.60104e-05,	-3.14723e-05	
56	3.630781e+01	-3.66986e-05,	-3.17031e-05	
57	3.715352e+01	-3.73966e-05,	-3.19204e-05	
58	3.801894e+01	-3.81040e-05,	-3.21235e-05	
59	3.890451e+01	-3.88200e-05,	-3.23121e-05	
60	3.981072e+01	-3.95442e-05,	-3.24857e-05	
61	4.073803e+01	-4.02758e-05,	-3.26438e-05	
62	4.168694e+01	-4.10143e-05,	-3.27861e-05	
63	4.265795e+01	-4.17588e-05,	-3.29122e-05	
64	4.365158e+01	-4.25087e-05,	-3.30217e-05	
65	4.466836e+01	-4.32633e-05,	-3.31144e-05	
66	4.570882e+01	-4.40217e-05,	-3.31900e-05	
67	4.677351e+01	-4.47832e-05,	-3.32483e-05	
68	4.786301e+01	-4.55470e-05,	-3.32893e-05	
69	4.897788e+01	-4.63123e-05,	-3.33127e-05	
70	5.011872e+01	-4.70783e-05,	-3.33185e-05	
71	5.128614e+01	-4.78442e-05,	-3.33067e-05	
72	5.248075e+01	-4.86091e-05,	-3.32773e-05	
73	5.370318e+01	-4.93723e-05,	-3.32304e-05	
74	5.495409e+01	-5.01329e-05,	-3.31662e-05	
75	5.623413e+01	-5.08902e-05,	-3.30847e-05	
76	5.754399e+01	-5.16434e-05,	-3.29863e-05	
77	5.888437e+01	-5.23918e-05,	-3.28710e-05	
78	6.025596e+01	-5.31345e-05,	-3.27394e-05	
79	6.165950e+01	-5.38709e-05,	-3.25916e-05	
80	6.309573e+01	-5.46003e-05,	-3.24281e-05	
81	6.456542e+01	-5.53220e-05,	-3.22493e-05	
82	6.606934e+01	-5.60354e-05,	-3.20556e-05	
83	6.760830e+01	-5.67399e-05,	-3.18474e-05	
84	6.918310e+01	-5.74350e-05,	-3.16254e-05	
85	7.079458e+01	-5.81200e-05,	-3.13899e-05	
86	7.244360e+01	-5.87946e-05,	-3.11416e-05	
87	7.413102e+01	-5.94582e-05,	-3.08810e-05	
88	7.585776e+01	-6.01104e-05,	-3.06087e-05	
89	7.762471e+01	-6.07508e-05,	-3.03253e-05	
90	7.943282e+01	-6.13791e-05,	-3.00314e-05	
91	8.128305e+01	-6.19951e-05,	-2.97276e-05	
92	8.317638e+01	-6.25983e-05,	-2.94145e-05	
93	8.511380e+01	-6.31886e-05,	-2.90927e-05	
94	8.709636e+01	-6.37658e-05,	-2.87629e-05	
95	8.912509e+01	-6.43298e-05,	-2.84257e-05	
96	9.120108e+01	-6.48803e-05,	-2.80816e-05	
97	9.332543e+01	-6.54174e-05,	-2.77314e-05	
98	9.549926e+01	-6.59409e-05,	-2.73755e-05	
99	9.772372e+01	-6.64508e-05,	-2.70146e-05	
100	1.000000e+02	-6.69472e-05,	-2.66492e-05	
101	1.023293e+02	-6.74300e-05,	-2.62799e-05	
102	1.047129e+02	-6.78993e-05,	-2.59073e-05	
103	1.071519e+02	-6.83553e-05,	-2.55319e-05	
104	1.096478e+02	-6.87979e-05,	-2.51541e-05	
105	1.122018e+02	-6.92273e-05,	-2.47746e-05	
106	1.148154e+02	-6.96437e-05,	-2.43937e-05	
107	1.174898e+02	-7.00473e-05,	-2.40119e-05	
108	1.202264e+02	-7.04381e-05,	-2.36297e-05	
109	1.230269e+02	-7.08165e-05,	-2.32474e-05	
110	1.258925e+02	-7.11826e-05,	-2.28656e-05	
111	1.288250e+02	-7.15366e-05,	-2.24845e-05	
112	1.318257e+02	-7.18787e-05,	-2.21045e-05	

Index   frequency       v2#branch                       
--------------------------------------------------------------------------------
113	1.348963e+02	-7.22093e-05,	-2.17260e-05	
114	1.380384e+02	-7.25285e-05,	-2.13492e-05	
115	1.412538e+02	-7.28366e-05,	-2.09745e-05	
116	1.445440e+02	-7.31339e-05,	-2.06022e-05	
117	1.479108e+02	-7.34205e-05,	-2.02325e-05	
118	1.513561e+02	-7.36969e-05,	-1.98657e-05	
119	1.548817e+02	-7.39633e-05,	-1.95019e-05	
120	1.584893e+02	-7.42198e-05,	-1.91415e-05	
121	1.621810e+02	-7.44669e-05,	-1.87846e-05	
122	1.659587e+02	-7.47047e-05,	-1.84313e-05	
123	1.698244e+02	-7.49336e-05,	-1.80819e-05	
124	1.737801e+02	-7.51538e-05,	-1.77365e-05	
125	1.778279e+02	-7.53656e-05,	-1.73952e-05	
126	1.819701e+02	-7.55692e-05,	-1.70582e-05	
127	1.862087e+02	-7.57649e-05,	-1.67255e-05	
128	1.905461e+02	-7.59529e-05,	-1.63972e-05	
129	1.949845e+02	-7.61336e-05,	-1.60735e-05	
130	1.995262e+02	-7.63070e-05,	-1.57544e-05	
131	2.041738e+02	-7.64736e-05,	-1.54399e-05	
132	2.089296e+02	-7.66336e-05,	-1.51302e-05	
133	2.137962e+02	-7.67870e-05,	-1.48252e-05	
134	2.187762e+02	-7.69343e-05,	-1.45250e-05	
135	2.238721e+02	-7.70756e-05,	-1.42296e-05	
136	2.290868e+02	-7.72111e-05,	-1.39391e-05	
137	2.344229e+02	-7.73411e-05,	-1.36534e-05	
138	2.398833e+02	-7.74657e-05,	-1.33725e-05	
139	2.454709e+02	-7.75852e-05,	-1.30966e-05	
140	2.511886e+02	-7.76997e-05,	-1.28254e-05	
141	2.570396e+02	-7.78094e-05,	-1.25591e-05	
142	2.630268e+02	-7.79146e-05,	-1.22975e-05	
143	2.691535e+02	-7.80153e-05,	-1.20408e-05	
144	2.754229e+02	-7.81118e-05,	-1.17888e-05	
145	2.818383e+02	-7.82042e-05,	-1.15415e-05	
146	2.884032e+02	-7.82928e-05,	-1.12990e-05	
147	2.951209e+02	-7.83775e-05,	-1.10610e-05	
148	3.019952e+02	-7.84587e-05,	-1.08277e-05	
149	3.090295e+02	-7.85364e-05,	-1.05990e-05	
150	3.162278e+02	-7.86107e-05,	-1.03747e-05	
151	3.235937e+02	-7.86819e-05,	-1.01549e-05	
152	3.311311e+02	-7.87500e-05,	-9.93959e-06	
153	3.388442e+02	-7.88152e-05,	-9.72860e-06	
154	3.467369e+02	-7.88776e-05,	-9.52192e-06	
155	3.548134e+02	-7.89373e-05,	-9.31950e-06	
156	3.630781e+02	-7.89944e-05,	-9.12127e-06	
157	3.715352e+02	-7.90490e-05,	-8.92719e-06	
158	3.801894e+02	-7.91012e-05,	-8.73719e-06	
159	3.890451e+02	-7.91512e-05,	-8.55121e-06	
160	3.981072e+02	-7.91990e-05,	-8.36920e-06	
161	4.073803e+02	-7.92447e-05,	-8.19110e-06	
162	4.168694e+02	-7.92884e-05,	-8.01684e-06	
163	4.265795e+02	-7.93302e-05,	-7.84637e-06	
164	4.365158e+02	-7.93702e-05,	-7.67962e-06	
165	4.466836e+02	-7.94084e-05,	-7.51654e-06	
166	4.570882e+02	-7.94450e-05,	-7.35706e-06	
167	4.677351e+02	-7.94799e-05,	-7.20113e-06	
168	4.786301e+02	-7.95133e-05,	-7.04868e-06	
169	4.897788e+02	-7.95452e-05,	-6.89966e-06	
170	5.011872e+02	-7.95757e-05,	-6.75401e-06	

Index   frequency       v2#branch                       
--------------------------------------------------------------------------------
171	5.128614e+02	-7.96049e-05,	-6.61167e-06	
172	5.248075e+02	-7.96328e-05,	-6.47258e-06	
173	5.370318e+02	-7.96594e-05,	-6.33668e-06	
174	5.495409e+02	-7.96849e-05,	-6.20393e-06	
175	5.623413e+02	-7.97092e-05,	-6.07426e-06	
176	5.754399e+02	-7.97325e-05,	-5.94761e-06	
177	5.888437e+02	-7.97547e-05,	-5.82394e-06	
178	6.025596e+02	-7.97759e-05,	-5.70318e-06	
179	6.165950e+02	-7.97962e-05,	-5.58530e-06	
180	6.309573e+02	-7.98156e-05,	-5.47022e-06	
181	6.456542e+02	-7.98342e-05,	-5.35792e-06	
182	6.606934e+02	-7.98519e-05,	-5.24832e-06	
183	6.760830e+02	-7.98688e-05,	-5.14138e-06	
184	6.918310e+02	-7.98850e-05,	-5.03706e-06	
185	7.079458e+02	-7.99004e-05,	-4.93531e-06	
186	7.244360e+02	-7.99152e-05,	-4.83608e-06	
187	7.413102e+02	-7.99293e-05,	-4.73931e-06	
188	7.585776e+02	-7.99428e-05,	-4.64498e-06	
189	7.762471e+02	-7.99556e-05,	-4.55303e-06	
190	7.943282e+02	-7.99679e-05,	-4.46342e-06	
191	8.128305e+02	-7.99797e-05,	-4.37610e-06	
192	8.317638e+02	-7.99909e-05,	-4.29105e-06	
193	8.511380e+02	-8.00016e-05,	-4.20820e-06	
194	8.709636e+02	-8.00119e-05,	-4.12753e-06	
195	8.912509e+02	-8.00216e-05,	-4.04900e-06	
196	9.120108e+02	-8.00310e-05,	-3.97256e-06	
197	9.332543e+02	-8.00399e-05,	-3.89819e-06	
198	9.549926e+02	-8.00484e-05,	-3.82584e-06	
199	9.772372e+02	-8.00566e-05,	-3.75548e-06	
200	1.000000e+03	-8.00644e-05,	-3.68707e-06	
201	1.023293e+03	-8.00718e-05,	-3.62058e-06	
202	1.047129e+03	-8.00789e-05,	-3.55598e-06	
203	1.071519e+03	-8.00857e-05,	-3.49323e-06	
204	1.096478e+03	-8.00922e-05,	-3.43231e-06	
205	1.122018e+03	-8.00984e-05,	-3.37318e-06	
206	1.148154e+03	-8.01043e-05,	-3.31581e-06	
207	1.174898e+03	-8.01099e-05,	-3.26018e-06	
208	1.202264e+03	-8.01153e-05,	-3.20626e-06	
209	1.230269e+03	-8.01205e-05,	-3.15401e-06	
210	1.258925e+03	-8.01254e-05,	-3.10342e-06	
211	1.288250e+03	-8.01301e-05,	-3.05446e-06	
212	1.318257e+03	-8.01346e-05,	-3.00710e-06	
213	1.348963e+03	-8.01389e-05,	-2.96132e-06	
214	1.380384e+03	-8.01430e-05,	-2.91710e-06	
215	1.412538e+03	-8.01469e-05,	-2.87440e-06	
216	1.445440e+03	-8.01506e-05,	-2.83323e-06	
217	1.479108e+03	-8.01542e-05,	-2.79354e-06	
218	1.513561e+03	-8.01576e-05,	-2.75532e-06	
219	1.548817e+03	-8.01608e-05,	-2.71855e-06	
220	1.584893e+03	-8.01639e-05,	-2.68321e-06	
221	1.621810e+03	-8.01669e-05,	-2.64929e-06	
222	1.659587e+03	-8.01698e-05,	-2.61677e-06	
223	1.698244e+03	-8.01725e-05,	-2.58562e-06	
224	1.737801e+03	-8.01750e-05,	-2.55584e-06	
225	1.778279e+03	-8.01775e-05,	-2.52741e-06	
226	1.819701e+03	-8.01799e-05,	-2.50031e-06	
227	1.862087e+03	-8.01821e-05,	-2.47453e-06	
228	1.905461e+03	-8.01843e-05,	-2.45005e-06	

Index   frequency       v2#branch                       
--------------------------------------------------------------------------------
229	1.949845e+03	-8.01864e-05,	-2.42688e-06	
230	1.995262e+03	-8.01883e-05,	-2.40498e-06	
231	2.041738e+03	-8.01902e-05,	-2.38435e-06	
232	2.089296e+03	-8.01920e-05,	-2.36499e-06	
233	2.137962e+03	-8.01937e-05,	-2.34687e-06	
234	2.187762e+03	-8.01953e-05,	-2.32999e-06	
235	2.238721e+03	-8.01969e-05,	-2.31435e-06	
236	2.290868e+03	-8.01984e-05,	-2.29993e-06	
237	2.344229e+03	-8.01998e-05,	-2.28673e-06	
238	2.398833e+03	-8.02012e-05,	-2.27473e-06	
239	2.454709e+03	-8.02025e-05,	-2.26395e-06	
240	2.511886e+03	-8.02037e-05,	-2.25435e-06	
241	2.570396e+03	-8.02049e-05,	-2.24596e-06	
242	2.630268e+03	-8.02061e-05,	-2.23875e-06	
243	2.691535e+03	-8.02071e-05,	-2.23272e-06	
244	2.754229e+03	-8.02082e-05,	-2.22788e-06	
245	2.818383e+03	-8.02092e-05,	-2.22422e-06	
246	2.884032e+03	-8.02101e-05,	-2.22173e-06	
247	2.951209e+03	-8.02110e-05,	-2.22042e-06	
248	3.019952e+03	-8.02119e-05,	-2.22029e-06	
249	3.090295e+03	-8.02127e-05,	-2.22133e-06	
250	3.162278e+03	-8.02135e-05,	-2.22355e-06	
251	3.235937e+03	-8.02143e-05,	-2.22695e-06	
252	3.311311e+03	-8.02150e-05,	-2.23153e-06	
253	3.388442e+03	-8.02157e-05,	-2.23728e-06	
254	3.467369e+03	-8.02163e-05,	-2.24423e-06	
255	3.548134e+03	-8.02170e-05,	-2.25236e-06	
256	3.630781e+03	-8.02176e-05,	-2.26169e-06	
257	3.715352e+03	-8.02182e-05,	-2.27222e-06	
258	3.801894e+03	-8.02187e-05,	-2.28395e-06	
259	3.890451e+03	-8.02192e-05,	-2.29689e-06	
260	3.981072e+03	-8.02197e-05,	-2.31104e-06	
261	4.073803e+03	-8.02202e-05,	-2.32643e-06	
262	4.168694e+03	-8.02207e-05,	-2.34304e-06	
263	4.265795e+03	-8.02211e-05,	-2.36090e-06	
264	4.365158e+03	-8.02216e-05,	-2.38001e-06	
265	4.466836e+03	-8.02220e-05,	-2.40038e-06	
266	4.570882e+03	-8.02224e-05,	-2.42202e-06	
267	4.677351e+03	-8.02227e-05,	-2.44494e-06	
268	4.786301e+03	-8.02231e-05,	-2.46917e-06	
269	4.897788e+03	-8.02235e-05,	-2.49470e-06	
270	5.011872e+03	-8.02238e-05,	-2.52155e-06	
271	5.128614e+03	-8.02241e-05,	-2.54974e-06	
272	5.248075e+03	-8.02244e-05,	-2.57928e-06	
273	5.370318e+03	-8.02247e-05,	-2.61019e-06	
274	5.495409e+03	-8.02250e-05,	-2.64248e-06	
275	5.623413e+03	-8.02253e-05,	-2.67618e-06	
276	5.754399e+03	-8.02255e-05,	-2.71129e-06	
277	5.888437e+03	-8.02258e-05,	-2.74784e-06	
278	6.025596e+03	-8.02260e-05,	-2.78584e-06	
279	6.165950e+03	-8.02263e-05,	-2.82533e-06	
280	6.309573e+03	-8.02265e-05,	-2.86631e-06	
281	6.456542e+03	-8.02267e-05,	-2.90881e-06	
282	6.606934e+03	-8.02270e-05,	-2.95285e-06	
283	6.760830e+03	-8.02272e-05,	-2.99846e-06	
284	6.918310e+03	-8.02274e-05,	-3.04566e-06	
285	7.079458e+03	-8.02276e-05,	-3.09447e-06	
286	7.244360e+03	-8.02278e-05,	-3.14493e-06	

Index   frequency       v2#branch                       
--------------------------------------------------------------------------------
287	7.413102e+03	-8.02280e-05,	-3.19705e-06	
288	7.585776e+03	-8.02281e-05,	-3.25086e-06	
289	7.762471e+03	-8.02283e-05,	-3.30640e-06	
290	7.943282e+03	-8.02285e-05,	-3.36369e-06	
291	8.128305e+03	-8.02287e-05,	-3.42277e-06	
292	8.317638e+03	-8.02289e-05,	-3.48366e-06	
293	8.511380e+03	-8.02290e-05,	-3.54640e-06	
294	8.709636e+03	-8.02292e-05,	-3.61102e-06	
295	8.912509e+03	-8.02294e-05,	-3.67755e-06	
296	9.120108e+03	-8.02295e-05,	-3.74603e-06	
297	9.332543e+03	-8.02297e-05,	-3.81650e-06	
298	9.549926e+03	-8.02299e-05,	-3.88899e-06	
299	9.772372e+03	-8.02300e-05,	-3.96355e-06	
300	1.000000e+04	-8.02302e-05,	-4.04020e-06	
301	1.023293e+04	-8.02304e-05,	-4.11900e-06	
302	1.047129e+04	-8.02305e-05,	-4.19998e-06	
303	1.071519e+04	-8.02307e-05,	-4.28319e-06	
304	1.096478e+04	-8.02309e-05,	-4.36867e-06	
305	1.122018e+04	-8.02311e-05,	-4.45646e-06	
306	1.148154e+04	-8.02312e-05,	-4.54662e-06	
307	1.174898e+04	-8.02314e-05,	-4.63919e-06	
308	1.202264e+04	-8.02316e-05,	-4.73422e-06	
309	1.230269e+04	-8.02318e-05,	-4.83176e-06	
310	1.258925e+04	-8.02320e-05,	-4.93186e-06	
311	1.288250e+04	-8.02322e-05,	-5.03457e-06	
312	1.318257e+04	-8.02324e-05,	-5.13996e-06	
313	1.348963e+04	-8.02326e-05,	-5.24807e-06	
314	1.380384e+04	-8.02328e-05,	-5.35896e-06	
315	1.412538e+04	-8.02330e-05,	-5.47270e-06	
316	1.445440e+04	-8.02332e-05,	-5.58933e-06	
317	1.479108e+04	-8.02335e-05,	-5.70893e-06	
318	1.513561e+04	-8.02337e-05,	-5.83156e-06	
319	1.548817e+04	-8.02339e-05,	-5.95728e-06	
320	1.584893e+04	-8.02342e-05,	-6.08615e-06	
321	1.621810e+04	-8.02345e-05,	-6.21826e-06	
322	1.659587e+04	-8.02347e-05,	-6.35366e-06	
323	1.698244e+04	-8.02350e-05,	-6.49243e-06	
324	1.737801e+04	-8.02353e-05,	-6.63464e-06	
325	1.778279e+04	-8.02356e-05,	-6.78037e-06	
326	1.819701e+04	-8.02359e-05,	-6.92969e-06	
327	1.862087e+04	-8.02363e-05,	-7.08269e-06	
328	1.905461e+04	-8.02366e-05,	-7.23945e-06	
329	1.949845e+04	-8.02370e-05,	-7.40004e-06	
330	1.995262e+04	-8.02373e-05,	-7.56456e-06	
331	2.041738e+04	-8.02377e-05,	-7.73308e-06	
332	2.089296e+04	-8.02381e-05,	-7.90571e-06	
333	2.137962e+04	-8.02386e-05,	-8.08253e-06	
334	2.187762e+04	-8.02390e-05,	-8.26363e-06	
335	2.238721e+04	-8.02395e-05,	-8.44912e-06	
336	2.290868e+04	-8.02399e-05,	-8.63908e-06	
337	2.344229e+04	-8.02404e-05,	-8.83363e-06	
338	2.398833e+04	-8.02410e-05,	-9.03286e-06	
339	2.454709e+04	-8.02415e-05,	-9.23688e-06	
340	2.511886e+04	-8.02421e-05,	-9.44579e-06	
341	2.570396e+04	-8.02427e-05,	-9.65972e-06	
342	2.630268e+04	-8.02433e-05,	-9.87876e-06	
343	2.691535e+04	-8.02440e-05,	-1.01030e-05	
344	2.754229e+04	-8.02447e-05,	-1.03327e-05	

Index   frequency       v2#branch                       
--------------------------------------------------------------------------------
345	2.818383e+04	-8.02454e-05,	-1.05678e-05	
346	2.884032e+04	-8.02461e-05,	-1.08085e-05	
347	2.951209e+04	-8.02469e-05,	-1.10550e-05	
348	3.019952e+04	-8.02477e-05,	-1.13073e-05	
349	3.090295e+04	-8.02486e-05,	-1.15656e-05	
350	3.162278e+04	-8.02495e-05,	-1.18300e-05	
351	3.235937e+04	-8.02504e-05,	-1.21008e-05	
352	3.311311e+04	-8.02514e-05,	-1.23779e-05	
353	3.388442e+04	-8.02524e-05,	-1.26616e-05	
354	3.467369e+04	-8.02535e-05,	-1.29520e-05	
355	3.548134e+04	-8.02546e-05,	-1.32493e-05	
356	3.630781e+04	-8.02558e-05,	-1.35536e-05	
357	3.715352e+04	-8.02570e-05,	-1.38650e-05	
358	3.801894e+04	-8.02583e-05,	-1.41839e-05	
359	3.890451e+04	-8.02597e-05,	-1.45102e-05	
360	3.981072e+04	-8.02611e-05,	-1.48443e-05	
361	4.073803e+04	-8.02626e-05,	-1.51862e-05	
362	4.168694e+04	-8.02641e-05,	-1.55362e-05	
363	4.265795e+04	-8.02657e-05,	-1.58944e-05	
364	4.365158e+04	-8.02674e-05,	-1.62610e-05	
365	4.466836e+04	-8.02692e-05,	-1.66363e-05	
366	4.570882e+04	-8.02711e-05,	-1.70203e-05	
367	4.677351e+04	-8.02730e-05,	-1.74134e-05	
368	4.786301e+04	-8.02750e-05,	-1.78158e-05	
369	4.897788e+04	-8.02772e-05,	-1.82275e-05	
370	5.011872e+04	-8.02794e-05,	-1.86490e-05	
371	5.128614e+04	-8.02818e-05,	-1.90803e-05	
372	5.248075e+04	-8.02842e-05,	-1.95218e-05	
373	5.370318e+04	-8.02868e-05,	-1.99736e-05	
374	5.495409e+04	-8.02895e-05,	-2.04359e-05	
375	5.623413e+04	-8.02923e-05,	-2.09092e-05	
376	5.754399e+04	-8.02952e-05,	-2.13935e-05	
377	5.888437e+04	-8.02983e-05,	-2.18891e-05	
378	6.025596e+04	-8.03015e-05,	-2.23964e-05	
379	6.165950e+04	-8.03049e-05,	-2.29155e-05	
380	6.309573e+04	-8.03084e-05,	-2.34468e-05	
381	6.456542e+04	-8.03121e-05,	-2.39905e-05	
382	6.606934e+04	-8.03160e-05,	-2.45469e-05	
383	6.760830e+04	-8.03201e-05,	-2.51163e-05	
384	6.918310e+04	-8.03243e-05,	-2.56991e-05	
385	7.079458e+04	-8.03288e-05,	-2.62955e-05	
386	7.244360e+04	-8.03335e-05,	-2.69058e-05	
387	7.413102e+04	-8.03383e-05,	-2.75304e-05	
388	7.585776e+04	-8.03435e-05,	-2.81696e-05	
389	7.762471e+04	-8.03488e-05,	-2.88237e-05	
390	7.943282e+04	-8.03544e-05,	-2.94931e-05	
391	8.128305e+04	-8.03603e-05,	-3.01781e-05	
392	8.317638e+04	-8.03664e-05,	-3.08791e-05	
393	8.511380e+04	-8.03729e-05,	-3.15965e-05	
394	8.709636e+04	-8.03796e-05,	-3.23307e-05	
395	8.912509e+04	-8.03867e-05,	-3.30819e-05	
396	9.120108e+04	-8.03941e-05,	-3.38508e-05	
397	9.332543e+04	-8.04018e-05,	-3.46375e-05	
398	9.549926e+04	-8.04099e-05,	-3.54427e-05	
399	9.772372e+04	-8.04184e-05,	-3.62666e-05	
400	1.000000e+05	-8.04273e-05,	-3.71097e-05	
401	1.023293e+05	-8.04366e-05,	-3.79725e-05	
402	1.047129e+05	-8.04463e-05,	-3.88555e-05	

Index   frequency       v2#branch                       
--------------------------------------------------------------------------------
403	1.071519e+05	-8.04565e-05,	-3.97590e-05	
404	1.096478e+05	-8.04672e-05,	-4.06836e-05	
405	1.122018e+05	-8.04784e-05,	-4.16298e-05	
406	1.148154e+05	-8.04901e-05,	-4.25981e-05	
407	1.174898e+05	-8.05024e-05,	-4.35889e-05	
408	1.202264e+05	-8.05152e-05,	-4.46028e-05	
409	1.230269e+05	-8.05286e-05,	-4.56404e-05	
410	1.258925e+05	-8.05427e-05,	-4.67021e-05	
411	1.288250e+05	-8.05575e-05,	-4.77887e-05	
412	1.318257e+05	-8.05729e-05,	-4.89005e-05	
413	1.348963e+05	-8.05891e-05,	-5.00383e-05	
414	1.380384e+05	-8.06060e-05,	-5.12025e-05	
415	1.412538e+05	-8.06237e-05,	-5.23939e-05	
416	1.445440e+05	-8.06423e-05,	-5.36131e-05	
417	1.479108e+05	-8.06617e-05,	-5.48607e-05	
418	1.513561e+05	-8.06821e-05,	-5.61374e-05	
419	1.548817e+05	-8.07034e-05,	-5.74438e-05	
420	1.584893e+05	-8.07257e-05,	-5.87807e-05	
421	1.621810e+05	-8.07491e-05,	-6.01487e-05	
422	1.659587e+05	-8.07735e-05,	-6.15486e-05	
423	1.698244e+05	-8.07991e-05,	-6.29810e-05	
424	1.737801e+05	-8.08260e-05,	-6.44469e-05	
425	1.778279e+05	-8.08541e-05,	-6.59469e-05	
426	1.819701e+05	-8.08835e-05,	-6.74819e-05	
427	1.862087e+05	-8.09143e-05,	-6.90526e-05	
428	1.905461e+05	-8.09465e-05,	-7.06599e-05	
429	1.949845e+05	-8.09803e-05,	-7.23046e-05	
430	1.995262e+05	-8.10156e-05,	-7.39876e-05	
431	2.041738e+05	-8.10527e-05,	-7.57098e-05	
432	2.089296e+05	-8.10914e-05,	-7.74721e-05	
433	2.137962e+05	-8.11320e-05,	-7.92755e-05	
434	2.187762e+05	-8.11746e-05,	-8.11208e-05	
435	2.238721e+05	-8.12191e-05,	-8.30091e-05	
436	2.290868e+05	-8.12657e-05,	-8.49414e-05	
437	2.344229e+05	-8.13145e-05,	-8.69187e-05	
438	2.398833e+05	-8.13656e-05,	-8.89419e-05	
439	2.454709e+05	-8.14191e-05,	-9.10123e-05	
440	2.511886e+05	-8.14751e-05,	-9.31309e-05	
441	2.570396e+05	-8.15338e-05,	-9.52988e-05	
442	2.630268e+05	-8.15953e-05,	-9.75171e-05	
443	2.691535e+05	-8.16596e-05,	-9.97870e-05	
444	2.754229e+05	-8.17270e-05,	-1.02110e-04	
445	2.818383e+05	-8.17975e-05,	-1.04487e-04	
446	2.884032e+05	-8.18714e-05,	-1.06919e-04	
447	2.951209e+05	-8.19487e-05,	-1.09407e-04	
448	3.019952e+05	-8.20297e-05,	-1.11954e-04	
449	3.090295e+05	-8.21145e-05,	-1.14560e-04	
450	3.162278e+05	-8.22033e-05,	-1.17226e-04	
451	3.235937e+05	-8.22962e-05,	-1.19955e-04	
452	3.311311e+05	-8.23936e-05,	-1.22747e-04	
453	3.388442e+05	-8.24955e-05,	-1.25603e-04	
454	3.467369e+05	-8.26023e-05,	-1.28527e-04	
455	3.548134e+05	-8.27140e-05,	-1.31518e-04	
456	3.630781e+05	-8.28311e-05,	-1.34578e-04	
457	3.715352e+05	-8.29536e-05,	-1.37710e-04	
458	3.801894e+05	-8.30819e-05,	-1.40915e-04	
459	3.890451e+05	-8.32163e-05,	-1.44194e-04	
460	3.981072e+05	-8.33569e-05,	-1.47549e-04	

Index   frequency       v2#branch                       
--------------------------------------------------------------------------------
461	4.073803e+05	-8.35042e-05,	-1.50983e-04	
462	4.168694e+05	-8.36585e-05,	-1.54496e-04	
463	4.265795e+05	-8.38200e-05,	-1.58090e-04	
464	4.365158e+05	-8.39891e-05,	-1.61768e-04	
465	4.466836e+05	-8.41661e-05,	-1.65532e-04	
466	4.570882e+05	-8.43515e-05,	-1.69382e-04	
467	4.677351e+05	-8.45456e-05,	-1.73323e-04	
468	4.786301e+05	-8.47489e-05,	-1.77354e-04	
469	4.897788e+05	-8.49617e-05,	-1.81479e-04	
470	5.011872e+05	-8.51846e-05,	-1.85700e-04	
471	5.128614e+05	-8.54179e-05,	-1.90019e-04	
472	5.248075e+05	-8.56622e-05,	-1.94438e-04	
473	5.370318e+05	-8.59180e-05,	-1.98959e-04	
474	5.495409e+05	-8.61858e-05,	-2.03585e-04	
475	5.623413e+05	-8.64663e-05,	-2.08318e-04	
476	5.754399e+05	-8.67599e-05,	-2.13161e-04	
477	5.888437e+05	-8.70673e-05,	-2.18116e-04	
478	6.025596e+05	-8.73892e-05,	-2.23186e-04	
479	6.165950e+05	-8.77263e-05,	-2.28374e-04	
480	6.309573e+05	-8.80791e-05,	-2.33681e-04	
481	6.456542e+05	-8.84486e-05,	-2.39111e-04	
482	6.606934e+05	-8.88355e-05,	-2.44666e-04	
483	6.760830e+05	-8.92405e-05,	-2.50350e-04	
484	6.918310e+05	-8.96645e-05,	-2.56165e-04	
485	7.079458e+05	-9.01085e-05,	-2.62115e-04	
486	7.244360e+05	-9.05734e-05,	-2.68202e-04	
487	7.413102e+05	-9.10601e-05,	-2.74430e-04	
488	7.585776e+05	-9.15696e-05,	-2.80801e-04	
489	7.762471e+05	-9.21031e-05,	-2.87319e-04	
490	7.943282e+05	-9.26616e-05,	-2.93987e-04	
491	8.128305e+05	-9.32464e-05,	-3.00809e-04	
492	8.317638e+05	-9.38586e-05,	-3.07788e-04	
493	8.511380e+05	-9.44995e-05,	-3.14928e-04	
494	8.709636e+05	-9.51705e-05,	-3.22231e-04	
495	8.912509e+05	-9.58730e-05,	-3.29703e-04	
496	9.120108e+05	-9.66085e-05,	-3.37346e-04	
497	9.332543e+05	-9.73784e-05,	-3.45165e-04	
498	9.549926e+05	-9.81844e-05,	-3.53163e-04	
499	9.772372e+05	-9.90283e-05,	-3.61345e-04	
500	1.000000e+06	-9.99116e-05,	-3.69714e-04	
501	1.023293e+06	-1.00836e-04,	-3.78274e-04	
502	1.047129e+06	-1.01804e-04,	-3.87030e-04	
503	1.071519e+06	-1.02818e-04,	-3.95986e-04	
504	1.096478e+06	-1.03879e-04,	-4.05147e-04	
505	1.122018e+06	-1.04989e-04,	-4.14516e-04	
506	1.148154e+06	-1.06151e-04,	-4.24099e-04	
507	1.174898e+06	-1.07368e-04,	-4.33900e-04	
508	1.202264e+06	-1.08642e-04,	-4.43924e-04	
509	1.230269e+06	-1.09975e-04,	-4.54176e-04	
510	1.258925e+06	-1.11370e-04,	-4.64659e-04	
511	1.288250e+06	-1.12831e-04,	-4.75381e-04	
512	1.318257e+06	-1.14359e-04,	-4.86345e-04	
513	1.348963e+06	-1.15959e-04,	-4.97556e-04	
514	1.380384e+06	-1.17634e-04,	-5.09021e-04	
515	1.412538e+06	-1.19386e-04,	-5.20743e-04	
516	1.445440e+06	-1.21220e-04,	-5.32729e-04	
517	1.479108e+06	-1.23140e-04,	-5.44984e-04	
518	1.513561e+06	-1.25148e-04,	-5.57514e-04	

Index   frequency       v2#branch                       
--------------------------------------------------------------------------------
519	1.548817e+06	-1.27251e-04,	-5.70324e-04	
520	1.584893e+06	-1.29450e-04,	-5.83419e-04	
521	1.621810e+06	-1.31752e-04,	-5.96807e-04	
522	1.659587e+06	-1.34161e-04,	-6.10492e-04	
523	1.698244e+06	-1.36681e-04,	-6.24480e-04	
524	1.737801e+06	-1.39319e-04,	-6.38778e-04	
525	1.778279e+06	-1.42078e-04,	-6.53392e-04	
526	1.819701e+06	-1.44965e-04,	-6.68327e-04	
527	1.862087e+06	-1.47985e-04,	-6.83590e-04	
528	1.905461e+06	-1.51144e-04,	-6.99187e-04	
529	1.949845e+06	-1.54449e-04,	-7.15124e-04	
530	1.995262e+06	-1.57907e-04,	-7.31408e-04	
531	2.041738e+06	-1.61523e-04,	-7.48045e-04	
532	2.089296e+06	-1.65306e-04,	-7.65041e-04	
533	2.137962e+06	-1.69263e-04,	-7.82403e-04	
534	2.187762e+06	-1.73401e-04,	-8.00138e-04	
535	2.238721e+06	-1.77728e-04,	-8.18251e-04	
536	2.290868e+06	-1.82253e-04,	-8.36749e-04	
537	2.344229e+06	-1.86985e-04,	-8.55639e-04	
538	2.398833e+06	-1.91933e-04,	-8.74927e-04	
539	2.454709e+06	-1.97106e-04,	-8.94620e-04	
540	2.511886e+06	-2.02514e-04,	-9.14723e-04	
541	2.570396e+06	-2.08168e-04,	-9.35243e-04	
542	2.630268e+06	-2.14077e-04,	-9.56186e-04	
543	2.691535e+06	-2.20254e-04,	-9.77559e-04	
544	2.754229e+06	-2.26709e-04,	-9.99367e-04	
545	2.818383e+06	-2.33456e-04,	-1.02162e-03	
546	2.884032e+06	-2.40505e-04,	-1.04431e-03	
547	2.951209e+06	-2.47870e-04,	-1.06746e-03	
548	3.019952e+06	-2.55565e-04,	-1.09107e-03	
549	3.090295e+06	-2.63603e-04,	-1.11514e-03	
550	3.162278e+06	-2.71999e-04,	-1.13968e-03	
551	3.235937e+06	-2.80767e-04,	-1.16469e-03	
552	3.311311e+06	-2.89924e-04,	-1.19017e-03	
553	3.388442e+06	-2.99485e-04,	-1.21614e-03	
554	3.467369e+06	-3.09466e-04,	-1.24260e-03	
555	3.548134e+06	-3.19885e-04,	-1.26954e-03	
556	3.630781e+06	-3.30759e-04,	-1.29698e-03	
557	3.715352e+06	-3.42106e-04,	-1.32491e-03	
558	3.801894e+06	-3.53946e-04,	-1.35333e-03	
559	3.890451e+06	-3.66298e-04,	-1.38225e-03	
560	3.981072e+06	-3.79181e-04,	-1.41167e-03	
561	4.073803e+06	-3.92616e-04,	-1.44159e-03	
562	4.168694e+06	-4.06624e-04,	-1.47201e-03	
563	4.265795e+06	-4.21227e-04,	-1.50293e-03	
564	4.365158e+06	-4.36447e-04,	-1.53434e-03	
565	4.466836e+06	-4.52307e-04,	-1.56625e-03	
566	4.570882e+06	-4.68830e-04,	-1.59864e-03	
567	4.677351e+06	-4.86040e-04,	-1.63153e-03	
568	4.786301e+06	-5.03961e-04,	-1.66489e-03	
569	4.897788e+06	-5.22618e-04,	-1.69872e-03	
570	5.011872e+06	-5.42037e-04,	-1.73302e-03	
571	5.128614e+06	-5.62243e-04,	-1.76778e-03	
572	5.248075e+06	-5.83261e-04,	-1.80299e-03	
573	5.370318e+06	-6.05120e-04,	-1.83864e-03	
574	5.495409e+06	-6.27844e-04,	-1.87471e-03	
575	5.623413e+06	-6.51462e-04,	-1.91119e-03	
576	5.754399e+06	-6.76001e-04,	-1.94807e-03	

Index   frequency       v2#branch                       
--------------------------------------------------------------------------------
577	5.888437e+06	-7.01487e-04,	-1.98532e-03	
578	6.025596e+06	-7.27949e-04,	-2.02294e-03	
579	6.165950e+06	-7.55413e-04,	-2.06090e-03	
580	6.309573e+06	-7.83907e-04,	-2.09918e-03	
581	6.456542e+06	-8.13458e-04,	-2.13775e-03	
582	6.606934e+06	-8.44093e-04,	-2.17660e-03	
583	6.760830e+06	-8.75838e-04,	-2.21568e-03	
584	6.918310e+06	-9.08719e-04,	-2.25499e-03	
585	7.079458e+06	-9.42762e-04,	-2.29447e-03	
586	7.244360e+06	-9.77991e-04,	-2.33411e-03	
587	7.413102e+06	-1.01443e-03,	-2.37387e-03	
588	7.585776e+06	-1.05210e-03,	-2.41371e-03	
589	7.762471e+06	-1.09103e-03,	-2.45358e-03	
590	7.943282e+06	-1.13123e-03,	-2.49346e-03	
591	8.128305e+06	-1.17273e-03,	-2.53330e-03	
592	8.317638e+06	-1.21553e-03,	-2.57305e-03	
593	8.511380e+06	-1.25967e-03,	-2.61267e-03	
594	8.709636e+06	-1.30514e-03,	-2.65211e-03	
595	8.912509e+06	-1.35197e-03,	-2.69131e-03	
596	9.120108e+06	-1.40015e-03,	-2.73023e-03	
597	9.332543e+06	-1.44971e-03,	-2.76882e-03	
598	9.549926e+06	-1.50064e-03,	-2.80701e-03	
599	9.772372e+06	-1.55294e-03,	-2.84476e-03	
600	1.000000e+07	-1.60662e-03,	-2.88200e-03	
601	1.023293e+07	-1.66167e-03,	-2.91868e-03	
602	1.047129e+07	-1.71808e-03,	-2.95473e-03	
603	1.071519e+07	-1.77584e-03,	-2.99010e-03	
604	1.096478e+07	-1.83493e-03,	-3.02472e-03	
605	1.122018e+07	-1.89535e-03,	-3.05853e-03	
606	1.148154e+07	-1.95706e-03,	-3.09148e-03	
607	1.174898e+07	-2.02005e-03,	-3.12349e-03	
608	1.202264e+07	-2.08428e-03,	-3.15452e-03	
609	1.230269e+07	-2.14973e-03,	-3.18449e-03	
610	1.258925e+07	-2.21634e-03,	-3.21336e-03	
611	1.288250e+07	-2.28410e-03,	-3.24105e-03	
612	1.318257e+07	-2.35294e-03,	-3.26752e-03	
613	1.348963e+07	-2.42282e-03,	-3.29271e-03	
614	1.380384e+07	-2.49370e-03,	-3.31657e-03	
615	1.412538e+07	-2.56552e-03,	-3.33905e-03	
616	1.445440e+07	-2.63821e-03,	-3.36009e-03	
617	1.479108e+07	-2.71172e-03,	-3.37966e-03	
618	1.513561e+07	-2.78598e-03,	-3.39772e-03	
619	1.548817e+07	-2.86092e-03,	-3.41422e-03	
620	1.584893e+07	-2.93648e-03,	-3.42913e-03	
621	1.621810e+07	-3.01257e-03,	-3.44242e-03	
622	1.659587e+07	-3.08914e-03,	-3.45407e-03	
623	1.698244e+07	-3.16609e-03,	-3.46405e-03	
624	1.737801e+07	-3.24336e-03,	-3.47234e-03	
625	1.778279e+07	-3.32086e-03,	-3.47894e-03	
626	1.819701e+07	-3.39851e-03,	-3.48383e-03	
627	1.862087e+07	-3.47623e-03,	-3.48701e-03	
628	1.905461e+07	-3.55395e-03,	-3.48847e-03	
629	1.949845e+07	-3.63157e-03,	-3.48824e-03	
630	1.995262e+07	-3.70903e-03,	-3.48631e-03	
631	2.041738e+07	-3.78623e-03,	-3.48270e-03	
632	2.089296e+07	-3.86311e-03,	-3.47743e-03	
633	2.137962e+07	-3.93959e-03,	-3.47052e-03	
634	2.187762e+07	-4.01559e-03,	-3.46201e-03	

Index   frequency       v2#branch                       
--------------------------------------------------------------------------------
635	2.238721e+07	-4.09104e-03,	-3.45192e-03	
636	2.290868e+07	-4.16586e-03,	-3.44030e-03	
637	2.344229e+07	-4.24001e-03,	-3.42717e-03	
638	2.398833e+07	-4.31340e-03,	-3.41259e-03	
639	2.454709e+07	-4.38597e-03,	-3.39660e-03	
640	2.511886e+07	-4.45768e-03,	-3.37925e-03	
641	2.570396e+07	-4.52846e-03,	-3.36059e-03	
642	2.630268e+07	-4.59827e-03,	-3.34068e-03	
643	2.691535e+07	-4.66705e-03,	-3.31958e-03	
644	2.754229e+07	-4.73476e-03,	-3.29734e-03	
645	2.818383e+07	-4.80137e-03,	-3.27402e-03	
646	2.884032e+07	-4.86684e-03,	-3.24969e-03	
647	2.951209e+07	-4.93114e-03,	-3.22440e-03	
648	3.019952e+07	-4.99424e-03,	-3.19823e-03	
649	3.090295e+07	-5.05611e-03,	-3.17123e-03	
650	3.162278e+07	-5.11674e-03,	-3.14347e-03	
651	3.235937e+07	-5.17611e-03,	-3.11500e-03	
652	3.311311e+07	-5.23421e-03,	-3.08591e-03	
653	3.388442e+07	-5.29103e-03,	-3.05624e-03	
654	3.467369e+07	-5.34657e-03,	-3.02606e-03	
655	3.548134e+07	-5.40081e-03,	-2.99543e-03	
656	3.630781e+07	-5.45377e-03,	-2.96441e-03	
657	3.715352e+07	-5.50545e-03,	-2.93306e-03	
658	3.801894e+07	-5.55585e-03,	-2.90144e-03	
659	3.890451e+07	-5.60499e-03,	-2.86959e-03	
660	3.981072e+07	-5.65287e-03,	-2.83758e-03	
661	4.073803e+07	-5.69952e-03,	-2.80546e-03	
662	4.168694e+07	-5.74494e-03,	-2.77327e-03	
663	4.265795e+07	-5.78917e-03,	-2.74107e-03	
664	4.365158e+07	-5.83221e-03,	-2.70890e-03	
665	4.466836e+07	-5.87410e-03,	-2.67681e-03	
666	4.570882e+07	-5.91485e-03,	-2.64483e-03	
667	4.677351e+07	-5.95450e-03,	-2.61301e-03	
668	4.786301e+07	-5.99306e-03,	-2.58138e-03	
669	4.897788e+07	-6.03058e-03,	-2.54998e-03	
670	5.011872e+07	-6.06707e-03,	-2.51885e-03	
671	5.128614e+07	-6.10258e-03,	-2.48801e-03	
672	5.248075e+07	-6.13712e-03,	-2.45749e-03	
673	5.370318e+07	-6.17073e-03,	-2.42732e-03	
674	5.495409e+07	-6.20345e-03,	-2.39752e-03	
675	5.623413e+07	-6.23530e-03,	-2.36812e-03	
676	5.754399e+07	-6.26632e-03,	-2.33914e-03	
677	5.888437e+07	-6.29655e-03,	-2.31060e-03	
678	6.025596e+07	-6.32601e-03,	-2.28251e-03	
679	6.165950e+07	-6.35473e-03,	-2.25489e-03	
680	6.309573e+07	-6.38276e-03,	-2.22774e-03	
681	6.456542e+07	-6.41013e-03,	-2.20110e-03	
682	6.606934e+07	-6.43686e-03,	-2.17495e-03	
683	6.760830e+07	-6.46299e-03,	-2.14931e-03	
684	6.918310e+07	-6.48856e-03,	-2.12419e-03	
685	7.079458e+07	-6.51359e-03,	-2.09959e-03	
686	7.244360e+07	-6.53812e-03,	-2.07551e-03	
687	7.413102e+07	-6.56218e-03,	-2.05196e-03	
688	7.585776e+07	-6.58579e-03,	-2.02894e-03	
689	7.762471e+07	-6.60899e-03,	-2.00643e-03	
690	7.943282e+07	-6.63181e-03,	-1.98445e-03	
691	8.128305e+07	-6.65428e-03,	-1.96299e-03	
692	8.317638e+07	-6.67642e-03,	-1.94204e-03	

Index   frequency       v2#branch                       
--------------------------------------------------------------------------------
693	8.511380e+07	-6.69826e-03,	-1.92159e-03	
694	8.709636e+07	-6.71982e-03,	-1.90164e-03	
695	8.912509e+07	-6.74115e-03,	-1.88218e-03	
696	9.120108e+07	-6.76225e-03,	-1.86320e-03	
697	9.332543e+07	-6.78315e-03,	-1.84469e-03	
698	9.549926e+07	-6.80387e-03,	-1.82663e-03	
699	9.772372e+07	-6.82445e-03,	-1.80902e-03	
700	1.000000e+08	-6.84489e-03,	-1.79183e-03	
