* /home/saurabh/installer_main_workshop/esim-1.1.2/examples/bjt_amplifier/bjt_amplifier.cir
Transient Analysis  Sat Sep  2 18:54:03  2023
--------------------------------------------------------------------------------
Index   time            v1#branch       v2#branch       
--------------------------------------------------------------------------------
0	0.000000e+00	-8.36402e-04	0.000000e+00	
1	1.000000e-07	-8.36461e-04	-7.93060e-09	
2	2.000000e-07	-8.36524e-04	-9.40838e-09	
3	4.000000e-07	-8.36650e-04	-1.15015e-08	
4	8.000000e-07	-8.36903e-04	-1.54782e-08	
5	1.600000e-06	-8.37410e-04	-2.36275e-08	
6	3.200000e-06	-8.38426e-04	-3.97751e-08	
7	6.400000e-06	-8.40467e-04	-7.23494e-08	
8	1.280000e-05	-8.44583e-04	-1.37700e-07	
9	2.280000e-05	-8.51092e-04	-2.40732e-07	
10	3.280000e-05	-8.57672e-04	-3.44211e-07	
11	4.280000e-05	-8.64293e-04	-4.47913e-07	
12	5.280000e-05	-8.70923e-04	-5.51126e-07	
13	6.280000e-05	-8.77529e-04	-6.53578e-07	
14	7.280000e-05	-8.84076e-04	-7.54521e-07	
15	8.280000e-05	-8.90526e-04	-8.53649e-07	
16	9.280000e-05	-8.96841e-04	-9.50189e-07	
17	1.028000e-04	-9.02984e-04	-1.04382e-06	
18	1.128000e-04	-9.08915e-04	-1.13376e-06	
19	1.228000e-04	-9.14593e-04	-1.21969e-06	
20	1.328000e-04	-9.19982e-04	-1.30084e-06	
21	1.428000e-04	-9.25042e-04	-1.37693e-06	
22	1.528000e-04	-9.29737e-04	-1.44722e-06	
23	1.628000e-04	-9.34033e-04	-1.51147e-06	
24	1.728000e-04	-9.37896e-04	-1.56901e-06	
25	1.828000e-04	-9.41297e-04	-1.61968e-06	
26	1.928000e-04	-9.44210e-04	-1.66289e-06	
27	2.028000e-04	-9.46612e-04	-1.69856e-06	
28	2.128000e-04	-9.48483e-04	-1.72621e-06	
29	2.228000e-04	-9.49809e-04	-1.74588e-06	
30	2.328000e-04	-9.50579e-04	-1.75721e-06	
31	2.428000e-04	-9.50788e-04	-1.76033e-06	
32	2.528000e-04	-9.50435e-04	-1.75502e-06	
33	2.628000e-04	-9.49522e-04	-1.74154e-06	
34	2.728000e-04	-9.48058e-04	-1.71979e-06	
35	2.828000e-04	-9.46056e-04	-1.69014e-06	
36	2.928000e-04	-9.43531e-04	-1.65262e-06	
37	3.028000e-04	-9.40506e-04	-1.60771e-06	
38	3.128000e-04	-9.37004e-04	-1.55553e-06	
39	3.228000e-04	-9.33053e-04	-1.49666e-06	
40	3.328000e-04	-9.28684e-04	-1.43131e-06	
41	3.428000e-04	-9.23929e-04	-1.36013e-06	
42	3.528000e-04	-9.18824e-04	-1.28338e-06	
43	3.628000e-04	-9.13405e-04	-1.20178e-06	
44	3.728000e-04	-9.07709e-04	-1.11564e-06	
45	3.828000e-04	-9.01776e-04	-1.02568e-06	
46	3.928000e-04	-8.95642e-04	-9.32250e-07	
47	4.028000e-04	-8.89347e-04	-8.36073e-07	
48	4.128000e-04	-8.82927e-04	-7.37485e-07	
49	4.228000e-04	-8.76420e-04	-6.37210e-07	
50	4.328000e-04	-8.69861e-04	-5.35560e-07	
51	4.428000e-04	-8.63283e-04	-4.33232e-07	
52	4.528000e-04	-8.56719e-04	-3.30505e-07	
53	4.628000e-04	-8.50199e-04	-2.28034e-07	
54	4.728000e-04	-8.43751e-04	-1.26056e-07	

Index   time            v1#branch       v2#branch       
--------------------------------------------------------------------------------
55	4.828000e-04	-8.37401e-04	-2.51784e-08	
56	4.928000e-04	-8.31173e-04	7.441042e-08	
57	5.028000e-04	-8.25089e-04	1.721570e-07	
58	5.128000e-04	-8.19168e-04	2.679221e-07	
59	5.228000e-04	-8.13428e-04	3.612063e-07	
60	5.328000e-04	-8.07884e-04	4.519206e-07	
61	5.428000e-04	-8.02550e-04	5.396170e-07	
62	5.528000e-04	-7.97437e-04	6.242543e-07	
63	5.628000e-04	-7.92556e-04	7.054322e-07	
64	5.728000e-04	-7.87915e-04	7.831525e-07	
65	5.828000e-04	-7.83520e-04	8.570579e-07	
66	5.928000e-04	-7.79378e-04	9.271880e-07	
67	6.028000e-04	-7.75493e-04	9.932228e-07	
68	6.128000e-04	-7.71869e-04	1.055234e-06	
69	6.228000e-04	-7.68507e-04	1.112933e-06	
70	6.328000e-04	-7.65411e-04	1.166419e-06	
71	6.428000e-04	-7.62581e-04	1.215428e-06	
72	6.528000e-04	-7.60018e-04	1.260080e-06	
73	6.628000e-04	-7.57723e-04	1.300134e-06	
74	6.728000e-04	-7.55696e-04	1.335727e-06	
75	6.828000e-04	-7.53936e-04	1.366632e-06	
76	6.928000e-04	-7.52444e-04	1.393001e-06	
77	7.028000e-04	-7.51218e-04	1.414621e-06	
78	7.128000e-04	-7.50260e-04	1.431652e-06	
79	7.228000e-04	-7.49569e-04	1.443892e-06	
80	7.328000e-04	-7.49144e-04	1.451510e-06	
81	7.428000e-04	-7.48985e-04	1.454313e-06	
82	7.528000e-04	-7.49094e-04	1.452477e-06	
83	7.628000e-04	-7.49469e-04	1.445817e-06	
84	7.728000e-04	-7.50112e-04	1.434516e-06	
85	7.828000e-04	-7.51023e-04	1.418398e-06	
86	7.928000e-04	-7.52202e-04	1.397653e-06	
87	8.028000e-04	-7.53651e-04	1.372117e-06	
88	8.128000e-04	-7.55369e-04	1.341987e-06	
89	8.228000e-04	-7.57358e-04	1.307113e-06	
90	8.328000e-04	-7.59618e-04	1.267704e-06	
91	8.428000e-04	-7.62149e-04	1.223625e-06	
92	8.528000e-04	-7.64951e-04	1.175101e-06	
93	8.628000e-04	-7.68023e-04	1.122019e-06	
94	8.728000e-04	-7.71365e-04	1.064623e-06	
95	8.828000e-04	-7.74975e-04	1.002824e-06	
96	8.928000e-04	-7.78851e-04	9.368944e-07	
97	9.028000e-04	-7.82989e-04	8.667749e-07	
98	9.128000e-04	-7.87384e-04	7.927693e-07	
99	9.228000e-04	-7.92032e-04	7.148563e-07	
100	9.328000e-04	-7.96924e-04	6.333774e-07	
101	9.428000e-04	-8.02053e-04	5.483547e-07	
102	9.528000e-04	-8.07408e-04	4.601740e-07	
103	9.628000e-04	-8.12978e-04	3.689063e-07	
104	9.728000e-04	-8.18747e-04	2.749869e-07	
105	9.828000e-04	-8.24701e-04	1.785405e-07	
106	9.928000e-04	-8.30821e-04	8.005538e-08	
107	1.002800e-03	-8.37086e-04	-2.02874e-08	
108	1.012800e-03	-8.43473e-04	-1.21945e-07	
109	1.022800e-03	-8.49959e-04	-2.24680e-07	
110	1.032800e-03	-8.56515e-04	-3.27896e-07	
111	1.042800e-03	-8.63112e-04	-4.31304e-07	
112	1.052800e-03	-8.69719e-04	-5.34260e-07	

Index   time            v1#branch       v2#branch       
--------------------------------------------------------------------------------
113	1.062800e-03	-8.76302e-04	-6.36427e-07	
114	1.072800e-03	-8.82826e-04	-7.37126e-07	
115	1.082800e-03	-8.89254e-04	-8.35985e-07	
116	1.092800e-03	-8.95549e-04	-9.32301e-07	
117	1.102800e-03	-9.01672e-04	-1.02568e-06	
118	1.112800e-03	-9.07584e-04	-1.11543e-06	
119	1.122800e-03	-9.13245e-04	-1.20114e-06	
120	1.132800e-03	-9.18618e-04	-1.28213e-06	
121	1.142800e-03	-9.23663e-04	-1.35804e-06	
122	1.152800e-03	-9.28346e-04	-1.42820e-06	
123	1.162800e-03	-9.32630e-04	-1.49231e-06	
124	1.172800e-03	-9.36484e-04	-1.54978e-06	
125	1.182800e-03	-9.39878e-04	-1.60035e-06	
126	1.192800e-03	-9.42786e-04	-1.64353e-06	
127	1.202800e-03	-9.45185e-04	-1.67916e-06	
128	1.212800e-03	-9.47055e-04	-1.70683e-06	
129	1.222800e-03	-9.48382e-04	-1.72651e-06	
130	1.232800e-03	-9.49156e-04	-1.73790e-06	
131	1.242800e-03	-9.49370e-04	-1.74109e-06	
132	1.252800e-03	-9.49024e-04	-1.73590e-06	
133	1.262800e-03	-9.48121e-04	-1.72253e-06	
134	1.272800e-03	-9.46669e-04	-1.70095e-06	
135	1.282800e-03	-9.44680e-04	-1.67146e-06	
136	1.292800e-03	-9.42172e-04	-1.63415e-06	
137	1.302800e-03	-9.39163e-04	-1.58944e-06	
138	1.312800e-03	-9.35680e-04	-1.53751e-06	
139	1.322800e-03	-9.31750e-04	-1.47888e-06	
140	1.332800e-03	-9.27402e-04	-1.41380e-06	
141	1.342800e-03	-9.22670e-04	-1.34289e-06	
142	1.352800e-03	-9.17588e-04	-1.26645e-06	
143	1.362800e-03	-9.12194e-04	-1.18514e-06	
144	1.372800e-03	-9.06523e-04	-1.09933e-06	
145	1.382800e-03	-9.00616e-04	-1.00968e-06	
146	1.392800e-03	-8.94509e-04	-9.16585e-07	
147	1.402800e-03	-8.88240e-04	-8.20724e-07	
148	1.412800e-03	-8.81848e-04	-7.22483e-07	
149	1.422800e-03	-8.75368e-04	-6.22526e-07	
150	1.432800e-03	-8.68836e-04	-5.21224e-07	
151	1.442800e-03	-8.62285e-04	-4.19212e-07	
152	1.452800e-03	-8.55747e-04	-3.16827e-07	
153	1.462800e-03	-8.49253e-04	-2.14664e-07	
154	1.472800e-03	-8.42831e-04	-1.13019e-07	
155	1.482800e-03	-8.36506e-04	-1.24372e-08	
156	1.492800e-03	-8.30302e-04	8.683382e-08	
157	1.502800e-03	-8.24242e-04	1.842992e-07	
158	1.512800e-03	-8.18344e-04	2.797638e-07	
159	1.522800e-03	-8.12626e-04	3.727851e-07	
160	1.532800e-03	-8.07104e-04	4.632186e-07	
161	1.542800e-03	-8.01791e-04	5.506727e-07	
162	1.552800e-03	-7.96698e-04	6.350507e-07	
163	1.562800e-03	-7.91835e-04	7.160083e-07	
164	1.572800e-03	-7.87212e-04	7.934921e-07	
165	1.582800e-03	-7.82834e-04	8.672003e-07	
166	1.592800e-03	-7.78708e-04	9.371174e-07	
167	1.602800e-03	-7.74838e-04	1.002979e-06	
168	1.612800e-03	-7.71227e-04	1.064801e-06	
169	1.622800e-03	-7.67878e-04	1.122351e-06	
170	1.632800e-03	-7.64794e-04	1.175671e-06	

Index   time            v1#branch       v2#branch       
--------------------------------------------------------------------------------
171	1.642800e-03	-7.61975e-04	1.224555e-06	
172	1.652800e-03	-7.59422e-04	1.269066e-06	
173	1.662800e-03	-7.57136e-04	1.309019e-06	
174	1.672800e-03	-7.55117e-04	1.344494e-06	
175	1.682800e-03	-7.53364e-04	1.375321e-06	
176	1.692800e-03	-7.51878e-04	1.401597e-06	
177	1.702800e-03	-7.50658e-04	1.423161e-06	
178	1.712800e-03	-7.49704e-04	1.440122e-06	
179	1.722800e-03	-7.49016e-04	1.452330e-06	
180	1.732800e-03	-7.48594e-04	1.459900e-06	
181	1.742800e-03	-7.48437e-04	1.462694e-06	
182	1.752800e-03	-7.48546e-04	1.460832e-06	
183	1.762800e-03	-7.48922e-04	1.454185e-06	
184	1.772800e-03	-7.49564e-04	1.442880e-06	
185	1.782800e-03	-7.50473e-04	1.426796e-06	
186	1.792800e-03	-7.51649e-04	1.406070e-06	
187	1.802800e-03	-7.53094e-04	1.380589e-06	
188	1.812800e-03	-7.54808e-04	1.350499e-06	
189	1.822800e-03	-7.56792e-04	1.315701e-06	
190	1.832800e-03	-7.59045e-04	1.276352e-06	
191	1.842800e-03	-7.61569e-04	1.232370e-06	
192	1.852800e-03	-7.64363e-04	1.183927e-06	
193	1.862800e-03	-7.67427e-04	1.130961e-06	
194	1.872800e-03	-7.70760e-04	1.073666e-06	
195	1.882800e-03	-7.74360e-04	1.012003e-06	
196	1.892800e-03	-7.78225e-04	9.461925e-07	
197	1.902800e-03	-7.82351e-04	8.762264e-07	
198	1.912800e-03	-7.86734e-04	8.023577e-07	
199	1.922800e-03	-7.91368e-04	7.246146e-07	
200	1.932800e-03	-7.96247e-04	6.432884e-07	
201	1.942800e-03	-8.01361e-04	5.584503e-07	
202	1.952800e-03	-8.06702e-04	4.704361e-07	
203	1.962800e-03	-8.12256e-04	3.793656e-07	
204	1.972800e-03	-8.18009e-04	2.856240e-07	
205	1.982800e-03	-8.23947e-04	1.893843e-07	
206	1.992800e-03	-8.30050e-04	9.108515e-08	
207	2.002800e-03	-8.36298e-04	-9.04451e-09	
208	2.012800e-03	-8.42668e-04	-1.10512e-07	
209	2.022800e-03	-8.49137e-04	-2.13031e-07	
210	2.032800e-03	-8.55676e-04	-3.16056e-07	
211	2.042800e-03	-8.62256e-04	-4.19251e-07	
212	2.052800e-03	-8.68846e-04	-5.22019e-07	
213	2.062800e-03	-8.75412e-04	-6.23980e-07	
214	2.072800e-03	-8.81919e-04	-7.24500e-07	
215	2.082800e-03	-8.88332e-04	-8.23165e-07	
216	2.092800e-03	-8.94612e-04	-9.19316e-07	
217	2.102800e-03	-9.00720e-04	-1.01252e-06	
218	2.112800e-03	-9.06618e-04	-1.10212e-06	
219	2.122800e-03	-9.12267e-04	-1.18768e-06	
220	2.132800e-03	-9.17628e-04	-1.26855e-06	
221	2.142800e-03	-9.22663e-04	-1.34432e-06	
222	2.152800e-03	-9.27336e-04	-1.41440e-06	
223	2.162800e-03	-9.31612e-04	-1.47841e-06	
224	2.172800e-03	-9.35459e-04	-1.53581e-06	
225	2.182800e-03	-9.38848e-04	-1.58632e-06	
226	2.192800e-03	-9.41752e-04	-1.62948e-06	
227	2.202800e-03	-9.44148e-04	-1.66508e-06	
228	2.212800e-03	-9.46018e-04	-1.69276e-06	

Index   time            v1#branch       v2#branch       
--------------------------------------------------------------------------------
229	2.222800e-03	-9.47346e-04	-1.71245e-06	
230	2.232800e-03	-9.48122e-04	-1.72389e-06	
231	2.242800e-03	-9.48341e-04	-1.72712e-06	
232	2.252800e-03	-9.48000e-04	-1.72201e-06	
233	2.262800e-03	-9.47104e-04	-1.70873e-06	
234	2.272800e-03	-9.45661e-04	-1.68726e-06	
235	2.282800e-03	-9.43682e-04	-1.65789e-06	
236	2.292800e-03	-9.41184e-04	-1.62073e-06	
237	2.302800e-03	-9.38188e-04	-1.57617e-06	
238	2.312800e-03	-9.34719e-04	-1.52442e-06	
239	2.322800e-03	-9.30803e-04	-1.46596e-06	
240	2.332800e-03	-9.26470e-04	-1.40109e-06	
241	2.342800e-03	-9.21755e-04	-1.33037e-06	
242	2.352800e-03	-9.16691e-04	-1.25416e-06	
243	2.362800e-03	-9.11314e-04	-1.17306e-06	
244	2.372800e-03	-9.05662e-04	-1.08748e-06	
245	2.382800e-03	-8.99773e-04	-9.98053e-07	
246	2.392800e-03	-8.93685e-04	-9.05207e-07	
247	2.402800e-03	-8.87436e-04	-8.09574e-07	
248	2.412800e-03	-8.81064e-04	-7.11585e-07	
249	2.422800e-03	-8.74603e-04	-6.11860e-07	
250	2.432800e-03	-8.68091e-04	-5.10810e-07	
251	2.442800e-03	-8.61559e-04	-4.09027e-07	
252	2.452800e-03	-8.55041e-04	-3.06890e-07	
253	2.462800e-03	-8.48566e-04	-2.04952e-07	
254	2.472800e-03	-8.42162e-04	-1.03547e-07	
255	2.482800e-03	-8.35856e-04	-3.18110e-09	
256	2.492800e-03	-8.29670e-04	9.585953e-08	
257	2.502800e-03	-8.23627e-04	1.931204e-07	
258	2.512800e-03	-8.17746e-04	2.883671e-07	
259	2.522800e-03	-8.12044e-04	3.811973e-07	
260	2.532800e-03	-8.06537e-04	4.714271e-07	
261	2.542800e-03	-8.01239e-04	5.587050e-07	
262	2.552800e-03	-7.96160e-04	6.428949e-07	
263	2.562800e-03	-7.91311e-04	7.236923e-07	
264	2.572800e-03	-7.86701e-04	8.010046e-07	
265	2.582800e-03	-7.82335e-04	8.745693e-07	
266	2.592800e-03	-7.78221e-04	9.443321e-07	
267	2.602800e-03	-7.74361e-04	1.010067e-06	
268	2.612800e-03	-7.70761e-04	1.071752e-06	
269	2.622800e-03	-7.67422e-04	1.129193e-06	
270	2.632800e-03	-7.64346e-04	1.182394e-06	
271	2.642800e-03	-7.61535e-04	1.231186e-06	
272	2.652800e-03	-7.58989e-04	1.275596e-06	
273	2.662800e-03	-7.56710e-04	1.315474e-06	
274	2.672800e-03	-7.54696e-04	1.350865e-06	
275	2.682800e-03	-7.52949e-04	1.381635e-06	
276	2.692800e-03	-7.51467e-04	1.407843e-06	
277	2.702800e-03	-7.50251e-04	1.429367e-06	
278	2.712800e-03	-7.49301e-04	1.446277e-06	
279	2.722800e-03	-7.48615e-04	1.458461e-06	
280	2.732800e-03	-7.48194e-04	1.465997e-06	
281	2.742800e-03	-7.48039e-04	1.468783e-06	
282	2.752800e-03	-7.48149e-04	1.466904e-06	
283	2.762800e-03	-7.48524e-04	1.460265e-06	
284	2.772800e-03	-7.49165e-04	1.448958e-06	
285	2.782800e-03	-7.50073e-04	1.432899e-06	
286	2.792800e-03	-7.51247e-04	1.412186e-06	

Index   time            v1#branch       v2#branch       
--------------------------------------------------------------------------------
287	2.802800e-03	-7.52690e-04	1.386745e-06	
288	2.812800e-03	-7.54400e-04	1.356685e-06	
289	2.822800e-03	-7.56380e-04	1.321942e-06	
290	2.832800e-03	-7.58629e-04	1.282638e-06	
291	2.842800e-03	-7.61148e-04	1.238725e-06	
292	2.852800e-03	-7.63936e-04	1.190342e-06	
293	2.862800e-03	-7.66994e-04	1.137461e-06	
294	2.872800e-03	-7.70320e-04	1.080239e-06	
295	2.882800e-03	-7.73913e-04	1.018674e-06	
296	2.892800e-03	-7.77769e-04	9.529507e-07	
297	2.902800e-03	-7.81887e-04	8.830960e-07	
298	2.912800e-03	-7.86261e-04	8.093271e-07	
299	2.922800e-03	-7.90886e-04	7.317074e-07	
300	2.932800e-03	-7.95755e-04	6.504925e-07	
301	2.942800e-03	-8.00859e-04	5.657886e-07	
302	2.952800e-03	-8.06188e-04	4.778958e-07	
303	2.962800e-03	-8.11731e-04	3.869685e-07	
304	2.972800e-03	-8.17473e-04	2.933564e-07	
305	2.982800e-03	-8.23398e-04	1.972670e-07	
306	2.992800e-03	-8.29489e-04	9.910342e-08	
307	3.002800e-03	-8.35725e-04	-8.71445e-10	
308	3.012800e-03	-8.42083e-04	-1.02200e-07	
309	3.022800e-03	-8.48539e-04	-2.04562e-07	
310	3.032800e-03	-8.55065e-04	-3.07449e-07	
311	3.042800e-03	-8.61633e-04	-4.10487e-07	
312	3.052800e-03	-8.68210e-04	-5.13120e-07	
313	3.062800e-03	-8.74764e-04	-6.14930e-07	
314	3.072800e-03	-8.81260e-04	-7.15321e-07	
315	3.082800e-03	-8.87661e-04	-8.13843e-07	
316	3.092800e-03	-8.93930e-04	-9.09876e-07	
317	3.102800e-03	-9.00028e-04	-1.00295e-06	
318	3.112800e-03	-9.05916e-04	-1.09244e-06	
319	3.122800e-03	-9.11555e-04	-1.17789e-06	
320	3.132800e-03	-9.16907e-04	-1.25867e-06	
321	3.142800e-03	-9.21935e-04	-1.33435e-06	
322	3.152800e-03	-9.26601e-04	-1.40436e-06	
323	3.162800e-03	-9.30872e-04	-1.46830e-06	
324	3.172800e-03	-9.34714e-04	-1.52566e-06	
325	3.182800e-03	-9.38099e-04	-1.57612e-06	
326	3.192800e-03	-9.41000e-04	-1.61926e-06	
327	3.202800e-03	-9.43395e-04	-1.65483e-06	
328	3.212800e-03	-9.45264e-04	-1.68253e-06	
329	3.222800e-03	-9.46593e-04	-1.70222e-06	
330	3.232800e-03	-9.47371e-04	-1.71370e-06	
331	3.242800e-03	-9.47592e-04	-1.71696e-06	
332	3.252800e-03	-9.47256e-04	-1.71192e-06	
333	3.262800e-03	-9.46365e-04	-1.69869e-06	
334	3.272800e-03	-9.44927e-04	-1.67731e-06	
335	3.282800e-03	-9.42955e-04	-1.64802e-06	
336	3.292800e-03	-9.40466e-04	-1.61098e-06	
337	3.302800e-03	-9.37479e-04	-1.56652e-06	
338	3.312800e-03	-9.34019e-04	-1.51490e-06	
339	3.322800e-03	-9.30114e-04	-1.45656e-06	
340	3.332800e-03	-9.25793e-04	-1.39184e-06	
341	3.342800e-03	-9.21089e-04	-1.32126e-06	
342	3.352800e-03	-9.16038e-04	-1.24521e-06	
343	3.362800e-03	-9.10674e-04	-1.16427e-06	
344	3.372800e-03	-9.05035e-04	-1.07886e-06	

Index   time            v1#branch       v2#branch       
--------------------------------------------------------------------------------
345	3.382800e-03	-8.99160e-04	-9.89596e-07	
346	3.392800e-03	-8.93086e-04	-8.96929e-07	
347	3.402800e-03	-8.86852e-04	-8.01463e-07	
348	3.412800e-03	-8.80493e-04	-7.03657e-07	
349	3.422800e-03	-8.74047e-04	-6.04100e-07	
350	3.432800e-03	-8.67548e-04	-5.03233e-07	
351	3.442800e-03	-8.61031e-04	-4.01618e-07	
352	3.452800e-03	-8.54527e-04	-2.99661e-07	
353	3.462800e-03	-8.48066e-04	-1.97886e-07	
354	3.472800e-03	-8.41676e-04	-9.66554e-08	
355	3.482800e-03	-8.35382e-04	3.553158e-09	
356	3.492800e-03	-8.29210e-04	1.024264e-07	
357	3.502800e-03	-8.23179e-04	1.995384e-07	
358	3.512800e-03	-8.17310e-04	2.946267e-07	
359	3.522800e-03	-8.11621e-04	3.873177e-07	
360	3.532800e-03	-8.06125e-04	4.773996e-07	
361	3.542800e-03	-8.00837e-04	5.645490e-07	
362	3.552800e-03	-7.95769e-04	6.486024e-07	
363	3.562800e-03	-7.90930e-04	7.292830e-07	
364	3.572800e-03	-7.86329e-04	8.064707e-07	
365	3.582800e-03	-7.81972e-04	8.799308e-07	
366	3.592800e-03	-7.77866e-04	9.495816e-07	
367	3.602800e-03	-7.74014e-04	1.015224e-06	
368	3.612800e-03	-7.70421e-04	1.076810e-06	
369	3.622800e-03	-7.67089e-04	1.134172e-06	
370	3.632800e-03	-7.64020e-04	1.187286e-06	
371	3.642800e-03	-7.61214e-04	1.236011e-06	
372	3.652800e-03	-7.58674e-04	1.280347e-06	
373	3.662800e-03	-7.56400e-04	1.320171e-06	
374	3.672800e-03	-7.54390e-04	1.355500e-06	
375	3.682800e-03	-7.52647e-04	1.386229e-06	
376	3.692800e-03	-7.51168e-04	1.412388e-06	
377	3.702800e-03	-7.49955e-04	1.433883e-06	
378	3.712800e-03	-7.49007e-04	1.450755e-06	
379	3.722800e-03	-7.48323e-04	1.462922e-06	
380	3.732800e-03	-7.47904e-04	1.470434e-06	
381	3.742800e-03	-7.47749e-04	1.473214e-06	
382	3.752800e-03	-7.47859e-04	1.471322e-06	
383	3.762800e-03	-7.48234e-04	1.464689e-06	
384	3.772800e-03	-7.48875e-04	1.453381e-06	
385	3.782800e-03	-7.49781e-04	1.437340e-06	
386	3.792800e-03	-7.50955e-04	1.416637e-06	
387	3.802800e-03	-7.52395e-04	1.391225e-06	
388	3.812800e-03	-7.54103e-04	1.361186e-06	
389	3.822800e-03	-7.56080e-04	1.326483e-06	
390	3.832800e-03	-7.58326e-04	1.287212e-06	
391	3.842800e-03	-7.60841e-04	1.243350e-06	
392	3.852800e-03	-7.63626e-04	1.195011e-06	
393	3.862800e-03	-7.66679e-04	1.142190e-06	
394	3.872800e-03	-7.70000e-04	1.085022e-06	
395	3.882800e-03	-7.73587e-04	1.023529e-06	
396	3.892800e-03	-7.77438e-04	9.578693e-07	
397	3.902800e-03	-7.81549e-04	8.880955e-07	
398	3.912800e-03	-7.85917e-04	8.143995e-07	
399	3.922800e-03	-7.90535e-04	7.368695e-07	
400	3.932800e-03	-7.95396e-04	6.557359e-07	
401	3.942800e-03	-8.00493e-04	5.711295e-07	
402	3.952800e-03	-8.05814e-04	4.833253e-07	

Index   time            v1#branch       v2#branch       
--------------------------------------------------------------------------------
403	3.962800e-03	-8.11349e-04	3.925021e-07	
404	3.972800e-03	-8.17082e-04	2.989847e-07	
405	3.982800e-03	-8.22999e-04	2.030045e-07	
406	3.992800e-03	-8.29081e-04	1.049399e-07	
407	4.002800e-03	-8.35308e-04	5.077602e-09	
408	4.012800e-03	-8.41657e-04	-9.61491e-08	
409	4.022800e-03	-8.48104e-04	-1.98398e-07	
410	4.032800e-03	-8.54621e-04	-3.01182e-07	
411	4.042800e-03	-8.61179e-04	-4.04108e-07	
412	4.052800e-03	-8.67748e-04	-5.06641e-07	
413	4.062800e-03	-8.74293e-04	-6.08342e-07	
414	4.072800e-03	-8.80780e-04	-7.08638e-07	
415	4.082800e-03	-8.87173e-04	-8.07058e-07	
416	4.092800e-03	-8.93433e-04	-9.03003e-07	
417	4.102800e-03	-8.99523e-04	-9.95984e-07	
418	4.112800e-03	-9.05404e-04	-1.08540e-06	
419	4.122800e-03	-9.11037e-04	-1.17076e-06	
420	4.132800e-03	-9.16383e-04	-1.25148e-06	
421	4.142800e-03	-9.21405e-04	-1.32709e-06	
422	4.152800e-03	-9.26066e-04	-1.39705e-06	
423	4.162800e-03	-9.30332e-04	-1.46094e-06	
424	4.172800e-03	-9.34171e-04	-1.51827e-06	
425	4.182800e-03	-9.37554e-04	-1.56869e-06	
426	4.192800e-03	-9.40453e-04	-1.61181e-06	
427	4.202800e-03	-9.42846e-04	-1.64738e-06	
428	4.212800e-03	-9.44715e-04	-1.67508e-06	
429	4.222800e-03	-9.46044e-04	-1.69477e-06	
430	4.232800e-03	-9.46823e-04	-1.70627e-06	
431	4.242800e-03	-9.47047e-04	-1.70956e-06	
432	4.252800e-03	-9.46713e-04	-1.70456e-06	
433	4.262800e-03	-9.45826e-04	-1.69138e-06	
434	4.272800e-03	-9.44393e-04	-1.67006e-06	
435	4.282800e-03	-9.42426e-04	-1.64084e-06	
436	4.292800e-03	-9.39943e-04	-1.60387e-06	
437	4.302800e-03	-9.36962e-04	-1.55949e-06	
438	4.312800e-03	-9.33510e-04	-1.50796e-06	
439	4.322800e-03	-9.29612e-04	-1.44972e-06	
440	4.332800e-03	-9.25299e-04	-1.38511e-06	
441	4.342800e-03	-9.20604e-04	-1.31463e-06	
442	4.352800e-03	-9.15562e-04	-1.23870e-06	
443	4.362800e-03	-9.10208e-04	-1.15786e-06	
444	4.372800e-03	-9.04579e-04	-1.07258e-06	
445	4.382800e-03	-8.98714e-04	-9.83437e-07	
446	4.392800e-03	-8.92650e-04	-8.90900e-07	
447	4.402800e-03	-8.86425e-04	-7.95556e-07	
448	4.412800e-03	-8.80077e-04	-6.97882e-07	
449	4.422800e-03	-8.73642e-04	-5.98449e-07	
450	4.432800e-03	-8.67154e-04	-4.97715e-07	
451	4.442800e-03	-8.60647e-04	-3.96222e-07	
452	4.452800e-03	-8.54153e-04	-2.94395e-07	
453	4.462800e-03	-8.47701e-04	-1.92740e-07	
454	4.472800e-03	-8.41321e-04	-9.16363e-08	
455	4.482800e-03	-8.35038e-04	8.457681e-09	
456	4.492800e-03	-8.28874e-04	1.072092e-07	
457	4.502800e-03	-8.22853e-04	2.042125e-07	
458	4.512800e-03	-8.16993e-04	2.991858e-07	
459	4.522800e-03	-8.11312e-04	3.917751e-07	
460	4.532800e-03	-8.05825e-04	4.817494e-07	

Index   time            v1#branch       v2#branch       
--------------------------------------------------------------------------------
461	4.542800e-03	-8.00545e-04	5.688052e-07	
462	4.552800e-03	-7.95484e-04	6.527593e-07	
463	4.562800e-03	-7.90652e-04	7.333546e-07	
464	4.572800e-03	-7.86058e-04	8.104518e-07	
465	4.582800e-03	-7.81708e-04	8.838356e-07	
466	4.592800e-03	-7.77608e-04	9.534049e-07	
467	4.602800e-03	-7.73762e-04	1.018981e-06	
468	4.612800e-03	-7.70174e-04	1.080494e-06	
469	4.622800e-03	-7.66847e-04	1.137798e-06	
470	4.632800e-03	-7.63782e-04	1.190849e-06	
471	4.642800e-03	-7.60981e-04	1.239525e-06	
472	4.652800e-03	-7.58445e-04	1.283807e-06	
473	4.662800e-03	-7.56173e-04	1.323592e-06	
474	4.672800e-03	-7.54167e-04	1.358877e-06	
475	4.682800e-03	-7.52426e-04	1.389575e-06	
476	4.692800e-03	-7.50950e-04	1.415698e-06	
477	4.702800e-03	-7.49739e-04	1.437171e-06	
478	4.712800e-03	-7.48792e-04	1.454017e-06	
479	4.722800e-03	-7.48110e-04	1.466171e-06	
480	4.732800e-03	-7.47691e-04	1.473665e-06	
481	4.742800e-03	-7.47537e-04	1.476441e-06	
482	4.752800e-03	-7.47648e-04	1.474540e-06	
483	4.762800e-03	-7.48023e-04	1.467911e-06	
484	4.772800e-03	-7.48663e-04	1.456603e-06	
485	4.782800e-03	-7.49569e-04	1.440574e-06	
486	4.792800e-03	-7.50741e-04	1.419879e-06	
487	4.802800e-03	-7.52180e-04	1.394488e-06	
488	4.812800e-03	-7.53887e-04	1.364465e-06	
489	4.822800e-03	-7.55862e-04	1.329791e-06	
490	4.832800e-03	-7.58105e-04	1.290544e-06	
491	4.842800e-03	-7.60618e-04	1.246719e-06	
492	4.852800e-03	-7.63399e-04	1.198411e-06	
493	4.862800e-03	-7.66449e-04	1.145635e-06	
494	4.872800e-03	-7.69766e-04	1.088507e-06	
495	4.882800e-03	-7.73349e-04	1.027065e-06	
496	4.892800e-03	-7.77196e-04	9.614522e-07	
497	4.902800e-03	-7.81303e-04	8.917373e-07	
498	4.912800e-03	-7.85666e-04	8.180945e-07	
499	4.922800e-03	-7.90278e-04	7.406297e-07	
500	4.932800e-03	-7.95135e-04	6.595556e-07	
501	4.942800e-03	-8.00226e-04	5.750202e-07	
502	4.952800e-03	-8.05541e-04	4.872807e-07	
503	4.962800e-03	-8.11070e-04	3.965333e-07	
504	4.972800e-03	-8.16797e-04	3.030850e-07	
505	4.982800e-03	-8.22708e-04	2.071843e-07	
506	4.992800e-03	-8.28783e-04	1.091920e-07	
507	5.002800e-03	-8.35004e-04	9.411628e-09	
508	5.012800e-03	-8.41346e-04	-9.17409e-08	
509	5.022800e-03	-8.47786e-04	-1.93907e-07	
510	5.032800e-03	-8.54297e-04	-2.96617e-07	
511	5.042800e-03	-8.60849e-04	-3.99461e-07	
512	5.052800e-03	-8.67411e-04	-5.01921e-07	
513	5.062800e-03	-8.73949e-04	-6.03542e-07	
514	5.072800e-03	-8.80430e-04	-7.03769e-07	
515	5.082800e-03	-8.86817e-04	-8.02113e-07	
516	5.092800e-03	-8.93071e-04	-8.97995e-07	
517	5.102800e-03	-8.99156e-04	-9.90908e-07	
518	5.112800e-03	-9.05031e-04	-1.08027e-06	

Index   time            v1#branch       v2#branch       
--------------------------------------------------------------------------------
519	5.122800e-03	-9.10659e-04	-1.16557e-06	
520	5.132800e-03	-9.16001e-04	-1.24624e-06	
521	5.142800e-03	-9.21018e-04	-1.32180e-06	
522	5.152800e-03	-9.25676e-04	-1.39172e-06	
523	5.162800e-03	-9.29939e-04	-1.45557e-06	
524	5.172800e-03	-9.33776e-04	-1.51288e-06	
525	5.182800e-03	-9.37156e-04	-1.56328e-06	
526	5.192800e-03	-9.40054e-04	-1.60639e-06	
527	5.202800e-03	-9.42446e-04	-1.64194e-06	
528	5.212800e-03	-9.44314e-04	-1.66965e-06	
529	5.222800e-03	-9.45644e-04	-1.68935e-06	
530	5.232800e-03	-9.46424e-04	-1.70087e-06	
531	5.242800e-03	-9.46649e-04	-1.70417e-06	
532	5.252800e-03	-9.46318e-04	-1.69920e-06	
533	5.262800e-03	-9.45433e-04	-1.68605e-06	
534	5.272800e-03	-9.44003e-04	-1.66478e-06	
535	5.282800e-03	-9.42040e-04	-1.63560e-06	
536	5.292800e-03	-9.39561e-04	-1.59869e-06	
537	5.302800e-03	-9.36586e-04	-1.55437e-06	
538	5.312800e-03	-9.33138e-04	-1.50291e-06	
539	5.322800e-03	-9.29246e-04	-1.44473e-06	
540	5.332800e-03	-9.24939e-04	-1.38020e-06	
541	5.342800e-03	-9.20251e-04	-1.30979e-06	
542	5.352800e-03	-9.15215e-04	-1.23395e-06	
543	5.362800e-03	-9.09867e-04	-1.15320e-06	
544	5.372800e-03	-9.04246e-04	-1.06801e-06	
545	5.382800e-03	-8.98388e-04	-9.78948e-07	
546	5.392800e-03	-8.92332e-04	-8.86506e-07	
547	5.402800e-03	-8.86115e-04	-7.91251e-07	
548	5.412800e-03	-8.79774e-04	-6.93674e-07	
549	5.422800e-03	-8.73346e-04	-5.94330e-07	
550	5.432800e-03	-8.66865e-04	-4.93693e-07	
551	5.442800e-03	-8.60366e-04	-3.92289e-07	
552	5.452800e-03	-8.53879e-04	-2.90558e-07	
553	5.462800e-03	-8.47436e-04	-1.88989e-07	
554	5.472800e-03	-8.41063e-04	-8.79783e-08	
555	5.482800e-03	-8.34786e-04	1.203207e-08	
556	5.492800e-03	-8.28630e-04	1.106950e-07	
557	5.502800e-03	-8.22615e-04	2.076190e-07	
558	5.512800e-03	-8.16761e-04	3.025084e-07	
559	5.522800e-03	-8.11086e-04	3.950236e-07	
560	5.532800e-03	-8.05605e-04	4.849196e-07	
561	5.542800e-03	-8.00331e-04	5.719070e-07	
562	5.552800e-03	-7.95276e-04	6.557888e-07	
563	5.562800e-03	-7.90450e-04	7.363219e-07	
564	5.572800e-03	-7.85860e-04	8.133532e-07	
565	5.582800e-03	-7.81515e-04	8.866813e-07	
566	5.592800e-03	-7.77419e-04	9.561912e-07	
567	5.602800e-03	-7.73577e-04	1.021718e-06	
568	5.612800e-03	-7.69993e-04	1.083179e-06	
569	5.622800e-03	-7.66670e-04	1.140440e-06	
570	5.632800e-03	-7.63608e-04	1.193446e-06	
571	5.642800e-03	-7.60810e-04	1.242086e-06	
572	5.652800e-03	-7.58277e-04	1.286329e-06	
573	5.662800e-03	-7.56008e-04	1.326085e-06	
574	5.672800e-03	-7.54004e-04	1.361337e-06	
575	5.682800e-03	-7.52265e-04	1.392013e-06	
576	5.692800e-03	-7.50791e-04	1.418110e-06	

Index   time            v1#branch       v2#branch       
--------------------------------------------------------------------------------
577	5.702800e-03	-7.49581e-04	1.439568e-06	
578	5.712800e-03	-7.48636e-04	1.456394e-06	
579	5.722800e-03	-7.47954e-04	1.468539e-06	
580	5.732800e-03	-7.47537e-04	1.476020e-06	
581	5.742800e-03	-7.47383e-04	1.478793e-06	
582	5.752800e-03	-7.47494e-04	1.476885e-06	
583	5.762800e-03	-7.47869e-04	1.470260e-06	
584	5.772800e-03	-7.48509e-04	1.458951e-06	
585	5.782800e-03	-7.49414e-04	1.442931e-06	
586	5.792800e-03	-7.50585e-04	1.422242e-06	
587	5.802800e-03	-7.52023e-04	1.396866e-06	
588	5.812800e-03	-7.53729e-04	1.366854e-06	
589	5.822800e-03	-7.55702e-04	1.332202e-06	
590	5.832800e-03	-7.57944e-04	1.292972e-06	
591	5.842800e-03	-7.60454e-04	1.249174e-06	
592	5.852800e-03	-7.63234e-04	1.200889e-06	
593	5.862800e-03	-7.66281e-04	1.148146e-06	
594	5.872800e-03	-7.69596e-04	1.091046e-06	
595	5.882800e-03	-7.73176e-04	1.029643e-06	
596	5.892800e-03	-7.77020e-04	9.640636e-07	
597	5.902800e-03	-7.81123e-04	8.943915e-07	
598	5.912800e-03	-7.85482e-04	8.207877e-07	
599	5.922800e-03	-7.90092e-04	7.433704e-07	
600	5.932800e-03	-7.94944e-04	6.623397e-07	
601	5.942800e-03	-8.00031e-04	5.778559e-07	
602	5.952800e-03	-8.05342e-04	4.901638e-07	
603	5.962800e-03	-8.10867e-04	3.994715e-07	
604	5.972800e-03	-8.16590e-04	3.060738e-07	
605	5.982800e-03	-8.22495e-04	2.102310e-07	
606	5.992800e-03	-8.28566e-04	1.122915e-07	
607	6.002800e-03	-8.34782e-04	1.257087e-08	
608	6.012800e-03	-8.41120e-04	-8.85276e-08	
609	6.022800e-03	-8.47555e-04	-1.90633e-07	
610	6.032800e-03	-8.54060e-04	-2.93289e-07	
611	6.042800e-03	-8.60607e-04	-3.96073e-07	
612	6.052800e-03	-8.67165e-04	-4.98480e-07	
613	6.062800e-03	-8.73699e-04	-6.00043e-07	
614	6.072800e-03	-8.80175e-04	-7.00220e-07	
615	6.082800e-03	-8.86557e-04	-7.98509e-07	
616	6.092800e-03	-8.92807e-04	-8.94343e-07	
617	6.102800e-03	-8.98888e-04	-9.87207e-07	
618	6.112800e-03	-9.04759e-04	-1.07652e-06	
619	6.122800e-03	-9.10384e-04	-1.16178e-06	
620	6.132800e-03	-9.15722e-04	-1.24242e-06	
621	6.142800e-03	-9.20737e-04	-1.31794e-06	
622	6.152800e-03	-9.25392e-04	-1.38784e-06	
623	6.162800e-03	-9.29652e-04	-1.45166e-06	
624	6.172800e-03	-9.33487e-04	-1.50895e-06	
625	6.182800e-03	-9.36866e-04	-1.55933e-06	
626	6.192800e-03	-9.39762e-04	-1.60244e-06	
627	6.202800e-03	-9.42154e-04	-1.63798e-06	
628	6.212800e-03	-9.44022e-04	-1.66569e-06	
629	6.222800e-03	-9.45352e-04	-1.68539e-06	
630	6.232800e-03	-9.46133e-04	-1.69692e-06	
631	6.242800e-03	-9.46359e-04	-1.70024e-06	
632	6.252800e-03	-9.46029e-04	-1.69530e-06	
633	6.262800e-03	-9.45146e-04	-1.68217e-06	
634	6.272800e-03	-9.43719e-04	-1.66093e-06	

Index   time            v1#branch       v2#branch       
--------------------------------------------------------------------------------
635	6.282800e-03	-9.41759e-04	-1.63178e-06	
636	6.292800e-03	-9.39283e-04	-1.59492e-06	
637	6.302800e-03	-9.36311e-04	-1.55063e-06	
638	6.312800e-03	-9.32867e-04	-1.49923e-06	
639	6.322800e-03	-9.28979e-04	-1.44110e-06	
640	6.332800e-03	-9.24677e-04	-1.37662e-06	
641	6.342800e-03	-9.19993e-04	-1.30627e-06	
642	6.352800e-03	-9.14962e-04	-1.23049e-06	
643	6.362800e-03	-9.09619e-04	-1.14979e-06	
644	6.372800e-03	-9.04003e-04	-1.06467e-06	
645	6.382800e-03	-8.98150e-04	-9.75675e-07	
646	6.392800e-03	-8.92099e-04	-8.83302e-07	
647	6.402800e-03	-8.85888e-04	-7.88112e-07	
648	6.412800e-03	-8.79553e-04	-6.90605e-07	
649	6.422800e-03	-8.73130e-04	-5.91327e-07	
650	6.432800e-03	-8.66655e-04	-4.90760e-07	
651	6.442800e-03	-8.60161e-04	-3.89421e-07	
652	6.452800e-03	-8.53680e-04	-2.87760e-07	
653	6.462800e-03	-8.47242e-04	-1.86255e-07	
654	6.472800e-03	-8.40874e-04	-8.53112e-08	
655	6.482800e-03	-8.34602e-04	1.463816e-08	
656	6.492800e-03	-8.28451e-04	1.132365e-07	
657	6.502800e-03	-8.22441e-04	2.101026e-07	
658	6.512800e-03	-8.16592e-04	3.049310e-07	
659	6.522800e-03	-8.10922e-04	3.973920e-07	
660	6.532800e-03	-8.05445e-04	4.872310e-07	
661	6.542800e-03	-8.00175e-04	5.741684e-07	
662	6.552800e-03	-7.95124e-04	6.579975e-07	
663	6.562800e-03	-7.90302e-04	7.384852e-07	
664	6.572800e-03	-7.85716e-04	8.154685e-07	
665	6.582800e-03	-7.81374e-04	8.887558e-07	
666	6.592800e-03	-7.77281e-04	9.582226e-07	
667	6.602800e-03	-7.73443e-04	1.023713e-06	
668	6.612800e-03	-7.69862e-04	1.085136e-06	
669	6.622800e-03	-7.66541e-04	1.142366e-06	
670	6.632800e-03	-7.63482e-04	1.195338e-06	
671	6.642800e-03	-7.60686e-04	1.243953e-06	
672	6.652800e-03	-7.58154e-04	1.288168e-06	
673	6.662800e-03	-7.55888e-04	1.327902e-06	
674	6.672800e-03	-7.53885e-04	1.363131e-06	
675	6.682800e-03	-7.52148e-04	1.393790e-06	
676	6.692800e-03	-7.50675e-04	1.419869e-06	
677	6.702800e-03	-7.49466e-04	1.441314e-06	
678	6.712800e-03	-7.48522e-04	1.458127e-06	
679	6.722800e-03	-7.47841e-04	1.470265e-06	
680	6.732800e-03	-7.47424e-04	1.477736e-06	
681	6.742800e-03	-7.47271e-04	1.480507e-06	
682	6.752800e-03	-7.47381e-04	1.478594e-06	
683	6.762800e-03	-7.47756e-04	1.471971e-06	
684	6.772800e-03	-7.48396e-04	1.460662e-06	
685	6.782800e-03	-7.49301e-04	1.444649e-06	
686	6.792800e-03	-7.50472e-04	1.423964e-06	
687	6.802800e-03	-7.51909e-04	1.398599e-06	
688	6.812800e-03	-7.53613e-04	1.368596e-06	
689	6.822800e-03	-7.55586e-04	1.333959e-06	
690	6.832800e-03	-7.57826e-04	1.294742e-06	
691	6.842800e-03	-7.60335e-04	1.250964e-06	
692	6.852800e-03	-7.63113e-04	1.202696e-06	

Index   time            v1#branch       v2#branch       
--------------------------------------------------------------------------------
693	6.862800e-03	-7.66158e-04	1.149976e-06	
694	6.872800e-03	-7.69471e-04	1.092898e-06	
695	6.882800e-03	-7.73049e-04	1.031521e-06	
696	6.892800e-03	-7.76891e-04	9.659674e-07	
697	6.902800e-03	-7.80992e-04	8.963265e-07	
698	6.912800e-03	-7.85349e-04	8.227513e-07	
699	6.922800e-03	-7.89955e-04	7.453686e-07	
700	6.932800e-03	-7.94805e-04	6.643697e-07	
701	6.942800e-03	-7.99889e-04	5.799235e-07	
702	6.952800e-03	-8.05197e-04	4.922660e-07	
703	6.962800e-03	-8.10718e-04	4.016139e-07	
704	6.972800e-03	-8.16438e-04	3.082531e-07	
705	6.982800e-03	-8.22340e-04	2.124525e-07	
706	6.992800e-03	-8.28408e-04	1.145517e-07	
707	7.002800e-03	-8.34620e-04	1.487452e-08	
708	7.012800e-03	-8.40954e-04	-8.61843e-08	
709	7.022800e-03	-8.47386e-04	-1.88246e-07	
710	7.032800e-03	-8.53888e-04	-2.90862e-07	
711	7.042800e-03	-8.60431e-04	-3.93602e-07	
712	7.052800e-03	-8.66985e-04	-4.95971e-07	
713	7.062800e-03	-8.73515e-04	-5.97492e-07	
714	7.072800e-03	-8.79988e-04	-6.97631e-07	
715	7.082800e-03	-8.86367e-04	-7.95880e-07	
716	7.092800e-03	-8.92614e-04	-8.91681e-07	
717	7.102800e-03	-8.98692e-04	-9.84508e-07	
718	7.112800e-03	-9.04561e-04	-1.07379e-06	
719	7.122800e-03	-9.10182e-04	-1.15902e-06	
720	7.132800e-03	-9.15518e-04	-1.23963e-06	
721	7.142800e-03	-9.20531e-04	-1.31513e-06	
722	7.152800e-03	-9.25184e-04	-1.38501e-06	
723	7.162800e-03	-9.29443e-04	-1.44881e-06	
724	7.172800e-03	-9.33276e-04	-1.50608e-06	
725	7.182800e-03	-9.36654e-04	-1.55646e-06	
726	7.192800e-03	-9.39549e-04	-1.59955e-06	
727	7.202800e-03	-9.41941e-04	-1.63509e-06	
728	7.212800e-03	-9.43809e-04	-1.66280e-06	
729	7.222800e-03	-9.45139e-04	-1.68250e-06	
730	7.232800e-03	-9.45920e-04	-1.69405e-06	
731	7.242800e-03	-9.46147e-04	-1.69737e-06	
732	7.252800e-03	-9.45818e-04	-1.69244e-06	
733	7.262800e-03	-9.44937e-04	-1.67933e-06	
734	7.272800e-03	-9.43511e-04	-1.65812e-06	
735	7.282800e-03	-9.41553e-04	-1.62900e-06	
736	7.292800e-03	-9.39079e-04	-1.59216e-06	
737	7.302800e-03	-9.36110e-04	-1.54791e-06	
738	7.312800e-03	-9.32669e-04	-1.49654e-06	
739	7.322800e-03	-9.28784e-04	-1.43844e-06	
740	7.332800e-03	-9.24485e-04	-1.37401e-06	
741	7.342800e-03	-9.19804e-04	-1.30370e-06	
742	7.352800e-03	-9.14777e-04	-1.22796e-06	
743	7.362800e-03	-9.09438e-04	-1.14731e-06	
744	7.372800e-03	-9.03825e-04	-1.06224e-06	
745	7.382800e-03	-8.97977e-04	-9.73287e-07	
746	7.392800e-03	-8.91930e-04	-8.80965e-07	
747	7.402800e-03	-8.85722e-04	-7.85822e-07	
748	7.412800e-03	-8.79391e-04	-6.88367e-07	
749	7.422800e-03	-8.72972e-04	-5.89137e-07	
750	7.432800e-03	-8.66501e-04	-4.88621e-07	

Index   time            v1#branch       v2#branch       
--------------------------------------------------------------------------------
751	7.442800e-03	-8.60012e-04	-3.87330e-07	
752	7.452800e-03	-8.53534e-04	-2.85719e-07	
753	7.462800e-03	-8.47100e-04	-1.84260e-07	
754	7.472800e-03	-8.40736e-04	-8.33661e-08	
755	7.482800e-03	-8.34468e-04	1.653861e-08	
756	7.492800e-03	-8.28320e-04	1.150899e-07	
757	7.502800e-03	-8.22314e-04	2.119137e-07	
758	7.512800e-03	-8.16469e-04	3.066975e-07	
759	7.522800e-03	-8.10802e-04	3.991190e-07	
760	7.532800e-03	-8.05328e-04	4.889164e-07	
761	7.542800e-03	-8.00061e-04	5.758173e-07	
762	7.552800e-03	-7.95013e-04	6.596080e-07	
763	7.562800e-03	-7.90193e-04	7.400625e-07	
764	7.572800e-03	-7.85610e-04	8.170108e-07	
765	7.582800e-03	-7.81271e-04	8.902683e-07	
766	7.592800e-03	-7.77181e-04	9.597037e-07	
767	7.602800e-03	-7.73344e-04	1.025168e-06	
768	7.612800e-03	-7.69765e-04	1.086563e-06	
769	7.622800e-03	-7.66446e-04	1.143770e-06	
770	7.632800e-03	-7.63389e-04	1.196718e-06	
771	7.642800e-03	-7.60595e-04	1.245314e-06	
772	7.652800e-03	-7.58065e-04	1.289508e-06	
773	7.662800e-03	-7.55799e-04	1.329226e-06	
774	7.672800e-03	-7.53798e-04	1.364438e-06	
775	7.682800e-03	-7.52062e-04	1.395086e-06	
776	7.692800e-03	-7.50590e-04	1.421151e-06	
777	7.702800e-03	-7.49382e-04	1.442588e-06	
778	7.712800e-03	-7.48438e-04	1.459391e-06	
779	7.722800e-03	-7.47758e-04	1.471523e-06	
780	7.732800e-03	-7.47341e-04	1.478988e-06	
781	7.742800e-03	-7.47188e-04	1.481757e-06	
782	7.752800e-03	-7.47299e-04	1.479841e-06	
783	7.762800e-03	-7.47674e-04	1.473219e-06	
784	7.772800e-03	-7.48314e-04	1.461910e-06	
785	7.782800e-03	-7.49218e-04	1.445902e-06	
786	7.792800e-03	-7.50389e-04	1.425220e-06	
787	7.802800e-03	-7.51825e-04	1.399863e-06	
788	7.812800e-03	-7.53529e-04	1.369866e-06	
789	7.822800e-03	-7.55500e-04	1.335240e-06	
790	7.832800e-03	-7.57740e-04	1.296032e-06	
791	7.842800e-03	-7.60248e-04	1.252268e-06	
792	7.852800e-03	-7.63024e-04	1.204013e-06	
793	7.862800e-03	-7.66069e-04	1.151311e-06	
794	7.872800e-03	-7.69380e-04	1.094248e-06	
795	7.882800e-03	-7.72957e-04	1.032891e-06	
796	7.892800e-03	-7.76797e-04	9.673555e-07	
797	7.902800e-03	-7.80896e-04	8.977373e-07	
798	7.912800e-03	-7.85251e-04	8.241830e-07	
799	7.922800e-03	-7.89855e-04	7.468255e-07	
800	7.932800e-03	-7.94703e-04	6.658498e-07	
801	7.942800e-03	-7.99785e-04	5.814311e-07	
802	7.952800e-03	-8.05091e-04	4.937989e-07	
803	7.962800e-03	-8.10610e-04	4.031761e-07	
804	7.972800e-03	-8.16327e-04	3.098423e-07	
805	7.982800e-03	-8.22227e-04	2.140725e-07	
806	7.992800e-03	-8.28292e-04	1.161999e-07	
807	8.002800e-03	-8.34501e-04	1.655446e-08	
808	8.012800e-03	-8.40833e-04	-8.44754e-08	

Index   time            v1#branch       v2#branch       
--------------------------------------------------------------------------------
809	8.022800e-03	-8.47262e-04	-1.86505e-07	
810	8.032800e-03	-8.53762e-04	-2.89092e-07	
811	8.042800e-03	-8.60302e-04	-3.91801e-07	
812	8.052800e-03	-8.66854e-04	-4.94140e-07	
813	8.062800e-03	-8.73382e-04	-5.95631e-07	
814	8.072800e-03	-8.79852e-04	-6.95743e-07	
815	8.082800e-03	-8.86228e-04	-7.93963e-07	
816	8.092800e-03	-8.92473e-04	-8.89739e-07	
817	8.102800e-03	-8.98549e-04	-9.82539e-07	
818	8.112800e-03	-9.04416e-04	-1.07180e-06	
819	8.122800e-03	-9.10035e-04	-1.15701e-06	
820	8.132800e-03	-9.15369e-04	-1.23760e-06	
821	8.142800e-03	-9.20380e-04	-1.31308e-06	
822	8.152800e-03	-9.25032e-04	-1.38294e-06	
823	8.162800e-03	-9.29290e-04	-1.44673e-06	
824	8.172800e-03	-9.33122e-04	-1.50399e-06	
825	8.182800e-03	-9.36499e-04	-1.55436e-06	
826	8.192800e-03	-9.39394e-04	-1.59745e-06	
827	8.202800e-03	-9.41785e-04	-1.63298e-06	
828	8.212800e-03	-9.43653e-04	-1.66069e-06	
829	8.222800e-03	-9.44983e-04	-1.68040e-06	
830	8.232800e-03	-9.45765e-04	-1.69195e-06	
831	8.242800e-03	-9.45992e-04	-1.69528e-06	
832	8.252800e-03	-9.45664e-04	-1.69037e-06	
833	8.262800e-03	-9.44784e-04	-1.67727e-06	
834	8.272800e-03	-9.43359e-04	-1.65607e-06	
835	8.282800e-03	-9.41403e-04	-1.62697e-06	
836	8.292800e-03	-9.38931e-04	-1.59015e-06	
837	8.302800e-03	-9.35963e-04	-1.54592e-06	
838	8.312800e-03	-9.32524e-04	-1.49458e-06	
839	8.322800e-03	-9.28641e-04	-1.43651e-06	
840	8.332800e-03	-9.24345e-04	-1.37211e-06	
841	8.342800e-03	-9.19667e-04	-1.30182e-06	
842	8.352800e-03	-9.14641e-04	-1.22612e-06	
843	8.362800e-03	-9.09305e-04	-1.14550e-06	
844	8.372800e-03	-9.03696e-04	-1.06047e-06	
845	8.382800e-03	-8.97850e-04	-9.71546e-07	
846	8.392800e-03	-8.91806e-04	-8.79261e-07	
847	8.402800e-03	-8.85601e-04	-7.84153e-07	
848	8.412800e-03	-8.79273e-04	-6.86735e-07	
849	8.422800e-03	-8.72857e-04	-5.87540e-07	
850	8.432800e-03	-8.66389e-04	-4.87062e-07	
851	8.442800e-03	-8.59902e-04	-3.85805e-07	
852	8.452800e-03	-8.53428e-04	-2.84231e-07	
853	8.462800e-03	-8.46996e-04	-1.82806e-07	
854	8.472800e-03	-8.40635e-04	-8.19476e-08	
855	8.482800e-03	-8.34370e-04	1.792448e-08	
856	8.492800e-03	-8.28225e-04	1.164414e-07	
857	8.502800e-03	-8.22221e-04	2.132343e-07	
858	8.512800e-03	-8.16379e-04	3.079857e-07	
859	8.522800e-03	-8.10714e-04	4.003782e-07	
860	8.532800e-03	-8.05243e-04	4.901453e-07	
861	8.542800e-03	-7.99978e-04	5.770195e-07	
862	8.552800e-03	-7.94932e-04	6.607822e-07	
863	8.562800e-03	-7.90114e-04	7.412124e-07	
864	8.572800e-03	-7.85533e-04	8.181353e-07	
865	8.582800e-03	-7.81195e-04	8.913710e-07	
866	8.592800e-03	-7.77107e-04	9.607834e-07	

Index   time            v1#branch       v2#branch       
--------------------------------------------------------------------------------
867	8.602800e-03	-7.73272e-04	1.026229e-06	
868	8.612800e-03	-7.69695e-04	1.087603e-06	
869	8.622800e-03	-7.66377e-04	1.144794e-06	
870	8.632800e-03	-7.63321e-04	1.197724e-06	
871	8.642800e-03	-7.60528e-04	1.246306e-06	
872	8.652800e-03	-7.57999e-04	1.290485e-06	
873	8.662800e-03	-7.55735e-04	1.330192e-06	
874	8.672800e-03	-7.53735e-04	1.365391e-06	
875	8.682800e-03	-7.51999e-04	1.396030e-06	
876	8.692800e-03	-7.50528e-04	1.422085e-06	
877	8.702800e-03	-7.49320e-04	1.443516e-06	
878	8.712800e-03	-7.48377e-04	1.460311e-06	
879	8.722800e-03	-7.47697e-04	1.472440e-06	
880	8.732800e-03	-7.47281e-04	1.479900e-06	
881	8.742800e-03	-7.47128e-04	1.482668e-06	
882	8.752800e-03	-7.47239e-04	1.480749e-06	
883	8.762800e-03	-7.47614e-04	1.474128e-06	
884	8.772800e-03	-7.48253e-04	1.462819e-06	
885	8.782800e-03	-7.49158e-04	1.446814e-06	
886	8.792800e-03	-7.50328e-04	1.426135e-06	
887	8.802800e-03	-7.51764e-04	1.400784e-06	
888	8.812800e-03	-7.53467e-04	1.370792e-06	
889	8.822800e-03	-7.55438e-04	1.336174e-06	
890	8.832800e-03	-7.57677e-04	1.296973e-06	
891	8.842800e-03	-7.60184e-04	1.253219e-06	
892	8.852800e-03	-7.62960e-04	1.204973e-06	
893	8.862800e-03	-7.66003e-04	1.152283e-06	
894	8.872800e-03	-7.69314e-04	1.095232e-06	
895	8.882800e-03	-7.72889e-04	1.033890e-06	
896	8.892800e-03	-7.76728e-04	9.683675e-07	
897	8.902800e-03	-7.80826e-04	8.987658e-07	
898	8.912800e-03	-7.85179e-04	8.252267e-07	
899	8.922800e-03	-7.89782e-04	7.478876e-07	
900	8.932800e-03	-7.94628e-04	6.669290e-07	
901	8.942800e-03	-7.99709e-04	5.825302e-07	
902	8.952800e-03	-8.05013e-04	4.949166e-07	
903	8.962800e-03	-8.10530e-04	4.043151e-07	
904	8.972800e-03	-8.16246e-04	3.110011e-07	
905	8.982800e-03	-8.22144e-04	2.152537e-07	
906	8.992800e-03	-8.28207e-04	1.174017e-07	
907	9.002800e-03	-8.34415e-04	1.777944e-08	
908	9.012800e-03	-8.40744e-04	-8.32293e-08	
909	9.022800e-03	-8.47172e-04	-1.85235e-07	
910	9.032800e-03	-8.53669e-04	-2.87801e-07	
911	9.042800e-03	-8.60208e-04	-3.90487e-07	
912	9.052800e-03	-8.66757e-04	-4.92806e-07	
913	9.062800e-03	-8.73284e-04	-5.94273e-07	
914	9.072800e-03	-8.79752e-04	-6.94366e-07	
915	9.082800e-03	-8.86127e-04	-7.92565e-07	
916	9.092800e-03	-8.92370e-04	-8.88322e-07	
917	9.102800e-03	-8.98444e-04	-9.81103e-07	
918	9.112800e-03	-9.04309e-04	-1.07035e-06	
919	9.122800e-03	-9.09928e-04	-1.15554e-06	
920	9.132800e-03	-9.15260e-04	-1.23612e-06	
921	9.142800e-03	-9.20270e-04	-1.31158e-06	
922	9.152800e-03	-9.24921e-04	-1.38143e-06	
923	9.162800e-03	-9.29178e-04	-1.44521e-06	
924	9.172800e-03	-9.33009e-04	-1.50247e-06	

Index   time            v1#branch       v2#branch       
--------------------------------------------------------------------------------
925	9.182800e-03	-9.36385e-04	-1.55282e-06	
926	9.192800e-03	-9.39280e-04	-1.59591e-06	
927	9.202800e-03	-9.41671e-04	-1.63144e-06	
928	9.212800e-03	-9.43539e-04	-1.65915e-06	
929	9.222800e-03	-9.44869e-04	-1.67886e-06	
930	9.232800e-03	-9.45651e-04	-1.69042e-06	
931	9.242800e-03	-9.45879e-04	-1.69375e-06	
932	9.252800e-03	-9.45551e-04	-1.68885e-06	
933	9.262800e-03	-9.44672e-04	-1.67576e-06	
934	9.272800e-03	-9.43249e-04	-1.65458e-06	
935	9.282800e-03	-9.41293e-04	-1.62548e-06	
936	9.292800e-03	-9.38822e-04	-1.58869e-06	
937	9.302800e-03	-9.35856e-04	-1.54447e-06	
938	9.312800e-03	-9.32418e-04	-1.49315e-06	
939	9.322800e-03	-9.28537e-04	-1.43510e-06	
940	9.332800e-03	-9.24242e-04	-1.37072e-06	
941	9.342800e-03	-9.19566e-04	-1.30046e-06	
942	9.352800e-03	-9.14543e-04	-1.22478e-06	
943	9.362800e-03	-9.09209e-04	-1.14418e-06	
944	9.372800e-03	-9.03601e-04	-1.05917e-06	
945	9.382800e-03	-8.97757e-04	-9.70277e-07	
946	9.392800e-03	-8.91715e-04	-8.78018e-07	
947	9.402800e-03	-8.85512e-04	-7.82935e-07	
948	9.412800e-03	-8.79186e-04	-6.85545e-07	
949	9.422800e-03	-8.72773e-04	-5.86375e-07	
950	9.432800e-03	-8.66307e-04	-4.85924e-07	
951	9.442800e-03	-8.59822e-04	-3.84693e-07	
952	9.452800e-03	-8.53350e-04	-2.83146e-07	
953	9.462800e-03	-8.46920e-04	-1.81746e-07	
954	9.472800e-03	-8.40561e-04	-8.09134e-08	
955	9.482800e-03	-8.34298e-04	1.893486e-08	
956	9.492800e-03	-8.28155e-04	1.174268e-07	
957	9.502800e-03	-8.22153e-04	2.141971e-07	
958	9.512800e-03	-8.16312e-04	3.089248e-07	
959	9.522800e-03	-8.10650e-04	4.012962e-07	
960	9.532800e-03	-8.05180e-04	4.910411e-07	
961	9.542800e-03	-7.99917e-04	5.778958e-07	
962	9.552800e-03	-7.94873e-04	6.616381e-07	
963	9.562800e-03	-7.90056e-04	7.420505e-07	
964	9.572800e-03	-7.85477e-04	8.189548e-07	
965	9.582800e-03	-7.81140e-04	8.921746e-07	
966	9.592800e-03	-7.77053e-04	9.615703e-07	
967	9.602800e-03	-7.73220e-04	1.027001e-06	
968	9.612800e-03	-7.69643e-04	1.088361e-06	
969	9.622800e-03	-7.66326e-04	1.145540e-06	
970	9.632800e-03	-7.63271e-04	1.198457e-06	
971	9.642800e-03	-7.60480e-04	1.247029e-06	
972	9.652800e-03	-7.57951e-04	1.291197e-06	
973	9.662800e-03	-7.55688e-04	1.330896e-06	
974	9.672800e-03	-7.53688e-04	1.366086e-06	
975	9.682800e-03	-7.51953e-04	1.396718e-06	
976	9.692800e-03	-7.50482e-04	1.422766e-06	
977	9.702800e-03	-7.49275e-04	1.444192e-06	
978	9.712800e-03	-7.48332e-04	1.460982e-06	
979	9.722800e-03	-7.47652e-04	1.473108e-06	
980	9.732800e-03	-7.47236e-04	1.480564e-06	
981	9.742800e-03	-7.47084e-04	1.483331e-06	
982	9.752800e-03	-7.47195e-04	1.481411e-06	

Index   time            v1#branch       v2#branch       
--------------------------------------------------------------------------------
983	9.762800e-03	-7.47570e-04	1.474791e-06	
984	9.772800e-03	-7.48209e-04	1.463482e-06	
985	9.782800e-03	-7.49113e-04	1.447479e-06	
986	9.792800e-03	-7.50283e-04	1.426802e-06	
987	9.802800e-03	-7.51719e-04	1.401455e-06	
988	9.812800e-03	-7.53422e-04	1.371466e-06	
989	9.822800e-03	-7.55392e-04	1.336854e-06	
990	9.832800e-03	-7.57631e-04	1.297658e-06	
991	9.842800e-03	-7.60138e-04	1.253912e-06	
992	9.852800e-03	-7.62913e-04	1.205673e-06	
993	9.862800e-03	-7.65955e-04	1.152992e-06	
994	9.872800e-03	-7.69265e-04	1.095949e-06	
995	9.882800e-03	-7.72840e-04	1.034618e-06	
996	9.892800e-03	-7.76677e-04	9.691048e-07	
997	9.902800e-03	-7.80774e-04	8.995153e-07	
998	9.912800e-03	-7.85127e-04	8.259874e-07	
999	9.922800e-03	-7.89729e-04	7.486617e-07	
1000	9.932800e-03	-7.94574e-04	6.677154e-07	
1001	9.942800e-03	-7.99653e-04	5.833313e-07	
1002	9.952800e-03	-8.04956e-04	4.957312e-07	
1003	9.962800e-03	-8.10472e-04	4.051453e-07	
1004	9.972800e-03	-8.16186e-04	3.118457e-07	
1005	9.982800e-03	-8.22083e-04	2.161146e-07	
1006	9.992800e-03	-8.28145e-04	1.182778e-07	
1007	1.000000e-02	-8.32600e-04	4.672015e-08	
