   * /home/mallikarjuna/esim-workspace/741_7_integrator/741_7_integrator.cir
   Transient Analysis  Wed Jun 26 10:42:22  2019
--------------------------------------------------------------------------------
Index   time            v1#branch       v2#branch       v3#branch       
--------------------------------------------------------------------------------
0	0.000000e+00	-1.22855e-07	-1.48795e-02	1.457299e-03	
1	1.000000e-06	-1.85653e-07	-1.48795e-02	1.457299e-03	
2	2.000000e-06	-2.48476e-07	-1.48794e-02	1.457300e-03	
3	4.000000e-06	-3.74130e-07	-1.48793e-02	1.457301e-03	
4	8.000000e-06	-6.25445e-07	-1.48790e-02	1.457303e-03	
5	1.600000e-05	-1.12807e-06	-1.48784e-02	1.457309e-03	
6	3.200000e-05	-2.13329e-06	-1.48769e-02	1.457323e-03	
7	6.400000e-05	-4.14356e-06	-1.48729e-02	1.457361e-03	
8	1.280000e-04	-8.16268e-06	-1.48608e-02	1.457476e-03	
9	2.280000e-04	-1.44354e-05	-1.48310e-02	1.457764e-03	
10	3.280000e-04	-2.06940e-05	-1.47881e-02	1.458182e-03	
11	4.280000e-04	-2.69323e-05	-1.47321e-02	1.458731e-03	
12	5.280000e-04	-3.31441e-05	-1.46629e-02	1.459408e-03	
13	6.280000e-04	-3.93233e-05	-1.45808e-02	1.460214e-03	
14	7.280000e-04	-4.54638e-05	-1.44857e-02	1.461148e-03	
15	8.280000e-04	-5.15595e-05	-1.43777e-02	1.462208e-03	
16	9.280000e-04	-5.76045e-05	-1.42570e-02	1.463393e-03	
17	1.028000e-03	-6.35927e-05	-1.41237e-02	1.464702e-03	
18	1.128000e-03	-6.95183e-05	-1.39779e-02	1.466133e-03	
19	1.228000e-03	-7.53754e-05	-1.38198e-02	1.467685e-03	
20	1.328000e-03	-8.11582e-05	-1.36495e-02	1.469356e-03	
21	1.428000e-03	-8.68610e-05	-1.34671e-02	1.471143e-03	
22	1.528000e-03	-9.24782e-05	-1.32729e-02	1.473045e-03	
23	1.628000e-03	-9.80042e-05	-1.30671e-02	1.475059e-03	
24	1.728000e-03	-1.03434e-04	-1.28498e-02	1.477184e-03	
25	1.828000e-03	-1.08761e-04	-1.26213e-02	1.479416e-03	
26	1.928000e-03	-1.13981e-04	-1.23818e-02	1.481754e-03	
27	2.028000e-03	-1.19089e-04	-1.21315e-02	1.484194e-03	
28	2.128000e-03	-1.24080e-04	-1.18707e-02	1.486734e-03	
29	2.228000e-03	-1.28948e-04	-1.15996e-02	1.489372e-03	
30	2.328000e-03	-1.33689e-04	-1.13185e-02	1.492104e-03	
31	2.428000e-03	-1.38298e-04	-1.10277e-02	1.494927e-03	
32	2.528000e-03	-1.42770e-04	-1.07274e-02	1.497839e-03	
33	2.628000e-03	-1.47102e-04	-1.04180e-02	1.500835e-03	
34	2.728000e-03	-1.51289e-04	-1.00998e-02	1.503914e-03	
35	2.828000e-03	-1.55327e-04	-9.77305e-03	1.507072e-03	
36	2.928000e-03	-1.59211e-04	-9.43810e-03	1.510306e-03	
37	3.028000e-03	-1.62939e-04	-9.09529e-03	1.513612e-03	
38	3.128000e-03	-1.66506e-04	-8.74495e-03	1.516988e-03	
39	3.228000e-03	-1.69908e-04	-8.38742e-03	1.520430e-03	
40	3.328000e-03	-1.73143e-04	-8.02306e-03	1.523935e-03	
41	3.428000e-03	-1.76207e-04	-7.65224e-03	1.527500e-03	
42	3.528000e-03	-1.79098e-04	-7.27530e-03	1.531121e-03	
43	3.628000e-03	-1.81811e-04	-6.89264e-03	1.534797e-03	
44	3.728000e-03	-1.84346e-04	-6.50463e-03	1.538523e-03	
45	3.828000e-03	-1.86699e-04	-6.11164e-03	1.542298e-03	
46	3.928000e-03	-1.88867e-04	-5.71408e-03	1.546119e-03	
47	4.028000e-03	-1.90849e-04	-5.31233e-03	1.549984e-03	
48	4.128000e-03	-1.92643e-04	-4.90680e-03	1.553891e-03	
49	4.228000e-03	-1.94247e-04	-4.49789e-03	1.557841e-03	
50	4.328000e-03	-1.95659e-04	-4.08600e-03	1.561834e-03	
51	4.428000e-03	-1.96878e-04	-3.67156e-03	1.565874e-03	
52	4.528000e-03	-1.97903e-04	-3.25499e-03	1.569967e-03	
53	4.628000e-03	-1.98733e-04	-2.83673e-03	1.574134e-03	
54	4.728000e-03	-1.99366e-04	-2.41727e-03	1.578419e-03	

Index   time            v1#branch       v2#branch       v3#branch       
--------------------------------------------------------------------------------
55	4.828000e-03	-1.99801e-04	-1.99735e-03	1.583035e-03	
56	4.928000e-03	-2.00014e-04	-1.59800e-03	1.606175e-03	
57	5.028000e-03	-2.00083e-04	-1.58941e-03	2.025548e-03	
58	5.123721e-03	-1.99935e-04	-1.59003e-03	2.432734e-03	
59	5.223721e-03	-1.99596e-04	-1.59071e-03	2.858209e-03	
60	5.323721e-03	-1.99051e-04	-1.59139e-03	3.281653e-03	
61	5.423721e-03	-1.98318e-04	-1.59206e-03	3.704346e-03	
62	5.523721e-03	-1.97382e-04	-1.59271e-03	4.124236e-03	
63	5.623721e-03	-1.96258e-04	-1.59335e-03	4.542523e-03	
64	5.723721e-03	-1.94933e-04	-1.59398e-03	4.957219e-03	
65	5.823721e-03	-1.93423e-04	-1.59461e-03	5.369472e-03	
66	5.923721e-03	-1.91715e-04	-1.59523e-03	5.777342e-03	
67	6.023721e-03	-1.89826e-04	-1.59584e-03	6.181940e-03	
68	6.123721e-03	-1.87741e-04	-1.59644e-03	6.581375e-03	
69	6.223721e-03	-1.85479e-04	-1.59703e-03	6.976727e-03	
70	6.323721e-03	-1.83027e-04	-1.59762e-03	7.366151e-03	
71	6.423721e-03	-1.80401e-04	-1.59819e-03	7.750700e-03	
72	6.523721e-03	-1.77590e-04	-1.59876e-03	8.128575e-03	
73	6.623721e-03	-1.74611e-04	-1.59931e-03	8.500805e-03	
74	6.723721e-03	-1.71454e-04	-1.59986e-03	8.865639e-03	
75	6.823721e-03	-1.68133e-04	-1.60039e-03	9.224083e-03	
76	6.923721e-03	-1.64640e-04	-1.60092e-03	9.574436e-03	
77	7.023721e-03	-1.60992e-04	-1.60143e-03	9.917681e-03	
78	7.123721e-03	-1.57178e-04	-1.60193e-03	1.025217e-02	
79	7.223721e-03	-1.53215e-04	-1.60241e-03	1.057886e-02	
80	7.323721e-03	-1.49095e-04	-1.60289e-03	1.089616e-02	
81	7.423721e-03	-1.44835e-04	-1.60335e-03	1.120502e-02	
82	7.523721e-03	-1.40425e-04	-1.60379e-03	1.150387e-02	
83	7.623721e-03	-1.35883e-04	-1.60422e-03	1.179367e-02	
84	7.723721e-03	-1.31201e-04	-1.60464e-03	1.207291e-02	
85	7.823721e-03	-1.26395e-04	-1.60504e-03	1.234251e-02	
86	7.923721e-03	-1.21459e-04	-1.60543e-03	1.260102e-02	
87	8.023721e-03	-1.16409e-04	-1.60580e-03	1.284936e-02	
88	8.123721e-03	-1.11239e-04	-1.60615e-03	1.308613e-02	
89	8.223721e-03	-1.05964e-04	-1.60649e-03	1.331222e-02	
90	8.323721e-03	-1.00579e-04	-1.60681e-03	1.352631e-02	
91	8.423721e-03	-9.51012e-05	-1.60712e-03	1.372927e-02	
92	8.523721e-03	-8.95238e-05	-1.60740e-03	1.391983e-02	
93	8.623721e-03	-8.38635e-05	-1.60767e-03	1.409887e-02	
94	8.723721e-03	-7.81153e-05	-1.60792e-03	1.426514e-02	
95	8.823721e-03	-7.22952e-05	-1.60816e-03	1.441954e-02	
96	8.923721e-03	-6.63989e-05	-1.60837e-03	1.456087e-02	
97	9.023721e-03	-6.04421e-05	-1.60856e-03	1.469003e-02	
98	9.123721e-03	-5.44208e-05	-1.60874e-03	1.480587e-02	
99	9.223721e-03	-4.83508e-05	-1.60890e-03	1.490927e-02	
100	9.323721e-03	-4.22284e-05	-1.60904e-03	1.499915e-02	
101	9.423721e-03	-3.60692e-05	-1.60916e-03	1.507639e-02	
102	9.523721e-03	-2.98698e-05	-1.60926e-03	1.513996e-02	
103	9.623721e-03	-2.36456e-05	-1.60934e-03	1.519073e-02	
104	9.723721e-03	-1.73937e-05	-1.60940e-03	1.522774e-02	
105	9.823721e-03	-1.11292e-05	-1.60944e-03	1.525185e-02	
106	9.923721e-03	-4.84936e-06	-1.60946e-03	1.526215e-02	
107	1.002372e-02	1.430725e-06	-1.60946e-03	1.525950e-02	
108	1.012372e-02	7.713653e-06	-1.60944e-03	1.524304e-02	
109	1.022372e-02	1.398456e-05	-1.60940e-03	1.521365e-02	
110	1.032372e-02	2.024580e-05	-1.60935e-03	1.517051e-02	
111	1.042372e-02	2.648276e-05	-1.60927e-03	1.511449e-02	
112	1.052372e-02	3.269761e-05	-1.60917e-03	1.504482e-02	

Index   time            v1#branch       v2#branch       v3#branch       
--------------------------------------------------------------------------------
113	1.062372e-02	3.887600e-05	-1.60906e-03	1.496239e-02	
114	1.072372e-02	4.501996e-05	-1.60892e-03	1.486648e-02	
115	1.082372e-02	5.111539e-05	-1.60877e-03	1.475797e-02	
116	1.092372e-02	5.716421e-05	-1.60859e-03	1.463619e-02	
117	1.102372e-02	6.315263e-05	-1.60840e-03	1.450203e-02	
118	1.112372e-02	6.908244e-05	-1.60819e-03	1.435485e-02	
119	1.122372e-02	7.494019e-05	-1.60796e-03	1.419557e-02	
120	1.132372e-02	8.072761e-05	-1.60771e-03	1.402359e-02	
121	1.142372e-02	8.643158e-05	-1.60744e-03	1.383982e-02	
122	1.152372e-02	9.205377e-05	-1.60716e-03	1.364370e-02	
123	1.162372e-02	9.758143e-05	-1.60686e-03	1.343616e-02	
124	1.172372e-02	1.030162e-04	-1.60654e-03	1.321668e-02	
125	1.182372e-02	1.083457e-04	-1.60621e-03	1.298620e-02	
126	1.192372e-02	1.135717e-04	-1.60585e-03	1.274423e-02	
127	1.202372e-02	1.186820e-04	-1.60548e-03	1.249170e-02	
128	1.212372e-02	1.236785e-04	-1.60510e-03	1.222819e-02	
129	1.222372e-02	1.285495e-04	-1.60470e-03	1.195463e-02	
130	1.232372e-02	1.332968e-04	-1.60429e-03	1.167062e-02	
131	1.242372e-02	1.379093e-04	-1.60386e-03	1.137709e-02	
132	1.252372e-02	1.423887e-04	-1.60341e-03	1.107370e-02	
133	1.262372e-02	1.467243e-04	-1.60295e-03	1.076137e-02	
134	1.272372e-02	1.509182e-04	-1.60248e-03	1.043979e-02	
135	1.282372e-02	1.549599e-04	-1.60200e-03	1.010990e-02	
136	1.292372e-02	1.588516e-04	-1.60150e-03	9.771404e-03	
137	1.302372e-02	1.625835e-04	-1.60099e-03	9.425244e-03	
138	1.312372e-02	1.661578e-04	-1.60047e-03	9.071167e-03	
139	1.322372e-02	1.695651e-04	-1.59993e-03	8.710108e-03	
140	1.332372e-02	1.728078e-04	-1.59939e-03	8.341845e-03	
141	1.342372e-02	1.758770e-04	-1.59884e-03	7.967311e-03	
142	1.352372e-02	1.787753e-04	-1.59827e-03	7.586314e-03	
143	1.362372e-02	1.814944e-04	-1.59770e-03	7.199785e-03	
144	1.372372e-02	1.840369e-04	-1.59711e-03	6.807557e-03	
145	1.382372e-02	1.863951e-04	-1.59652e-03	6.410557e-03	
146	1.392372e-02	1.885718e-04	-1.59592e-03	6.008645e-03	
147	1.402372e-02	1.905597e-04	-1.59531e-03	5.602741e-03	
148	1.412372e-02	1.923620e-04	-1.59469e-03	5.192729e-03	
149	1.422372e-02	1.939718e-04	-1.59406e-03	4.779524e-03	
150	1.432372e-02	1.953926e-04	-1.59343e-03	4.363029e-03	
151	1.442372e-02	1.966179e-04	-1.59278e-03	3.944153e-03	
152	1.452372e-02	1.976515e-04	-1.59213e-03	3.522819e-03	
153	1.462372e-02	1.984873e-04	-1.59146e-03	3.099931e-03	
154	1.472372e-02	1.991294e-04	-1.59078e-03	2.675436e-03	
155	1.482372e-02	1.995718e-04	-1.59010e-03	2.250287e-03	
156	1.492372e-02	1.998165e-04	-1.58966e-03	1.824909e-03	
157	1.502372e-02	1.998287e-04	-1.77268e-03	1.586472e-03	
158	1.510782e-02	1.998003e-04	-2.13385e-03	1.581837e-03	
159	1.518161e-02	1.995156e-04	-2.43659e-03	1.578574e-03	
160	1.525900e-02	1.992534e-04	-2.76881e-03	1.575187e-03	
161	1.535900e-02	1.985719e-04	-3.18023e-03	1.571065e-03	
162	1.545900e-02	1.978383e-04	-3.60446e-03	1.566904e-03	
163	1.555900e-02	1.967668e-04	-4.01233e-03	1.562906e-03	
164	1.565900e-02	1.956419e-04	-4.43185e-03	1.558853e-03	
165	1.575900e-02	1.941843e-04	-4.83449e-03	1.554944e-03	
166	1.585900e-02	1.926730e-04	-5.24766e-03	1.550976e-03	
167	1.595900e-02	1.908348e-04	-5.64341e-03	1.547149e-03	
168	1.605900e-02	1.889434e-04	-6.04862e-03	1.543268e-03	
169	1.615900e-02	1.867315e-04	-6.43590e-03	1.539529e-03	
170	1.625900e-02	1.844678e-04	-6.83157e-03	1.535742e-03	

Index   time            v1#branch       v2#branch       v3#branch       
--------------------------------------------------------------------------------
171	1.635900e-02	1.818907e-04	-7.20880e-03	1.532100e-03	
172	1.645900e-02	1.792639e-04	-7.59339e-03	1.528416e-03	
173	1.655900e-02	1.763314e-04	-7.95906e-03	1.524882e-03	
174	1.665900e-02	1.733522e-04	-8.33109e-03	1.521313e-03	
175	1.675900e-02	1.700757e-04	-8.68371e-03	1.517899e-03	
176	1.685900e-02	1.667561e-04	-9.04174e-03	1.514459e-03	
177	1.695900e-02	1.631482e-04	-9.37990e-03	1.511178e-03	
178	1.705900e-02	1.595016e-04	-9.72253e-03	1.507878e-03	
179	1.715900e-02	1.555763e-04	-1.00449e-02	1.504742e-03	
180	1.725900e-02	1.516173e-04	-1.03708e-02	1.501596e-03	
181	1.735900e-02	1.473898e-04	-1.06760e-02	1.498619e-03	
182	1.745900e-02	1.431343e-04	-1.09840e-02	1.495639e-03	
183	1.755900e-02	1.386211e-04	-1.12708e-02	1.492833e-03	
184	1.765900e-02	1.340861e-04	-1.15596e-02	1.490032e-03	
185	1.775900e-02	1.293047e-04	-1.18270e-02	1.487409e-03	
186	1.785900e-02	1.245085e-04	-1.20955e-02	1.484798e-03	
187	1.795900e-02	1.194775e-04	-1.23423e-02	1.482370e-03	
188	1.805900e-02	1.144392e-04	-1.25894e-02	1.479960e-03	
189	1.815900e-02	1.091782e-04	-1.28147e-02	1.477738e-03	
190	1.825900e-02	1.039179e-04	-1.30396e-02	1.475541e-03	
191	1.835900e-02	9.844751e-05	-1.32423e-02	1.473535e-03	
192	1.845900e-02	9.298625e-05	-1.34441e-02	1.471559e-03	
193	1.855900e-02	8.732773e-05	-1.36235e-02	1.469778e-03	
194	1.865900e-02	8.168728e-05	-1.38014e-02	1.468034e-03	
195	1.875900e-02	7.586278e-05	-1.39567e-02	1.466486e-03	
196	1.885900e-02	7.006561e-05	-1.41100e-02	1.464981e-03	
197	1.895900e-02	6.409789e-05	-1.42407e-02	1.463674e-03	
198	1.905900e-02	5.816710e-05	-1.43689e-02	1.462414e-03	
199	1.915900e-02	5.207950e-05	-1.44744e-02	1.461355e-03	
200	1.925900e-02	4.603872e-05	-1.45769e-02	1.460347e-03	
201	1.935900e-02	3.985504e-05	-1.46567e-02	1.459540e-03	
202	1.945900e-02	3.372833e-05	-1.47332e-02	1.458788e-03	
203	1.955900e-02	2.747276e-05	-1.47870e-02	1.458238e-03	
204	1.965900e-02	2.128450e-05	-1.48372e-02	1.457745e-03	
205	1.975900e-02	1.498153e-05	-1.48648e-02	1.457455e-03	
206	1.985900e-02	8.756346e-06	-1.48885e-02	1.457224e-03	
207	1.995900e-02	2.430656e-06	-1.48898e-02	1.457195e-03	
208	2.005900e-02	-3.80669e-06	-1.48869e-02	1.457226e-03	
209	2.015900e-02	-1.01303e-05	-1.48618e-02	1.457459e-03	
210	2.025900e-02	-1.63550e-05	-1.48325e-02	1.457753e-03	
211	2.035900e-02	-2.26519e-05	-1.47811e-02	1.458246e-03	
212	2.045900e-02	-2.88392e-05	-1.47253e-02	1.458800e-03	
213	2.055900e-02	-3.50845e-05	-1.46478e-02	1.459551e-03	
214	2.065900e-02	-4.12098e-05	-1.45659e-02	1.460364e-03	
215	2.075900e-02	-4.73793e-05	-1.44626e-02	1.461370e-03	
216	2.085900e-02	-5.34181e-05	-1.43549e-02	1.462436e-03	
217	2.095900e-02	-5.94875e-05	-1.42261e-02	1.463692e-03	
218	2.105900e-02	-6.54160e-05	-1.40930e-02	1.465008e-03	
219	2.115900e-02	-7.13615e-05	-1.39393e-02	1.466508e-03	
220	2.125900e-02	-7.71560e-05	-1.37814e-02	1.468065e-03	
221	2.135900e-02	-8.29544e-05	-1.36034e-02	1.469803e-03	
222	2.145900e-02	-8.85919e-05	-1.34213e-02	1.471596e-03	
223	2.155900e-02	-9.42204e-05	-1.32195e-02	1.473563e-03	
224	2.165900e-02	-9.96785e-05	-1.30140e-02	1.475582e-03	
225	2.175900e-02	-1.05115e-04	-1.27894e-02	1.477770e-03	
226	2.185900e-02	-1.10372e-04	-1.25612e-02	1.480006e-03	
227	2.195900e-02	-1.15595e-04	-1.23146e-02	1.482405e-03	
228	2.205900e-02	-1.20630e-04	-1.20647e-02	1.484848e-03	

Index   time            v1#branch       v2#branch       v3#branch       
--------------------------------------------------------------------------------
229	2.215900e-02	-1.25620e-04	-1.17970e-02	1.487447e-03	
230	2.225900e-02	-1.30413e-04	-1.15264e-02	1.490087e-03	
231	2.235900e-02	-1.35149e-04	-1.12387e-02	1.492875e-03	
232	2.245900e-02	-1.39681e-04	-1.09485e-02	1.495698e-03	
233	2.255900e-02	-1.44146e-04	-1.06418e-02	1.498664e-03	
234	2.265900e-02	-1.48398e-04	-1.03332e-02	1.501660e-03	
235	2.275900e-02	-1.52574e-04	-1.00088e-02	1.504791e-03	
236	2.285900e-02	-1.56530e-04	-9.68291e-03	1.507946e-03	
237	2.295900e-02	-1.60400e-04	-9.34209e-03	1.511229e-03	
238	2.305900e-02	-1.64045e-04	-9.00027e-03	1.514531e-03	
239	2.315900e-02	-1.67594e-04	-8.64434e-03	1.517954e-03	
240	2.325900e-02	-1.70912e-04	-8.28795e-03	1.521390e-03	
241	2.335900e-02	-1.74127e-04	-7.91829e-03	1.524939e-03	
242	2.345900e-02	-1.77106e-04	-7.54876e-03	1.528497e-03	
243	2.355900e-02	-1.79974e-04	-7.16681e-03	1.532160e-03	
244	2.365900e-02	-1.82601e-04	-6.78561e-03	1.535827e-03	
245	2.375900e-02	-1.85110e-04	-6.39288e-03	1.539593e-03	
246	2.385900e-02	-1.87375e-04	-6.00154e-03	1.543359e-03	
247	2.395900e-02	-1.89517e-04	-5.59957e-03	1.547217e-03	
248	2.405900e-02	-1.91410e-04	-5.19964e-03	1.551072e-03	
249	2.415900e-02	-1.93176e-04	-4.79001e-03	1.555015e-03	
250	2.425900e-02	-1.94690e-04	-4.38311e-03	1.558955e-03	
251	2.435900e-02	-1.96072e-04	-3.96744e-03	1.562984e-03	
252	2.445900e-02	-1.97202e-04	-3.55521e-03	1.567016e-03	
253	2.455900e-02	-1.98196e-04	-3.13518e-03	1.571151e-03	
254	2.465900e-02	-1.98936e-04	-2.71934e-03	1.575321e-03	
255	2.475900e-02	-1.99536e-04	-2.29679e-03	1.579684e-03	
256	2.485900e-02	-1.99881e-04	-1.87981e-03	1.584513e-03	
257	2.495900e-02	-2.00046e-04	-1.58965e-03	1.718193e-03	
258	2.505900e-02	-2.00074e-04	-1.58958e-03	2.148168e-03	
259	2.515900e-02	-1.99819e-04	-1.59025e-03	2.569765e-03	
260	2.525900e-02	-1.99445e-04	-1.59094e-03	2.998396e-03	
261	2.535900e-02	-1.98797e-04	-1.59161e-03	3.417845e-03	
262	2.545900e-02	-1.98029e-04	-1.59227e-03	3.843332e-03	
263	2.555900e-02	-1.96989e-04	-1.59292e-03	4.259013e-03	
264	2.565900e-02	-1.95831e-04	-1.59356e-03	4.679723e-03	
265	2.575900e-02	-1.94405e-04	-1.59419e-03	5.090010e-03	
266	2.585900e-02	-1.92860e-04	-1.59481e-03	5.504311e-03	
267	2.595900e-02	-1.91053e-04	-1.59543e-03	5.907569e-03	
268	2.605900e-02	-1.89129e-04	-1.59603e-03	6.313850e-03	
269	2.615900e-02	-1.86948e-04	-1.59663e-03	6.708476e-03	
270	2.625900e-02	-1.84651e-04	-1.59722e-03	7.105152e-03	
271	2.635900e-02	-1.82105e-04	-1.59780e-03	7.489571e-03	
272	2.645900e-02	-1.79446e-04	-1.59838e-03	7.875095e-03	
273	2.655900e-02	-1.76544e-04	-1.59894e-03	8.247777e-03	
274	2.665900e-02	-1.73533e-04	-1.59949e-03	8.620643e-03	
275	2.675900e-02	-1.70286e-04	-1.60003e-03	8.980101e-03	
276	2.685900e-02	-1.66935e-04	-1.60056e-03	9.338855e-03	
277	2.695900e-02	-1.63357e-04	-1.60108e-03	9.683655e-03	
278	2.705900e-02	-1.59679e-04	-1.60159e-03	1.002689e-02	
279	2.715900e-02	-1.55783e-04	-1.60208e-03	1.035566e-02	
280	2.725900e-02	-1.51794e-04	-1.60257e-03	1.068205e-02	
281	2.735900e-02	-1.47595e-04	-1.60303e-03	1.099347e-02	
282	2.745900e-02	-1.43310e-04	-1.60349e-03	1.130173e-02	
283	2.755900e-02	-1.38824e-04	-1.60393e-03	1.159457e-02	
284	2.765900e-02	-1.34260e-04	-1.60436e-03	1.188350e-02	
285	2.775900e-02	-1.29506e-04	-1.60477e-03	1.215658e-02	
286	2.785900e-02	-1.24682e-04	-1.60517e-03	1.242505e-02	

Index   time            v1#branch       v2#branch       v3#branch       
--------------------------------------------------------------------------------
287	2.795900e-02	-1.19678e-04	-1.60554e-03	1.267728e-02	
288	2.805900e-02	-1.14611e-04	-1.60591e-03	1.292425e-02	
289	2.815900e-02	-1.09377e-04	-1.60626e-03	1.315463e-02	
290	2.825900e-02	-1.04089e-04	-1.60659e-03	1.337913e-02	
291	2.835900e-02	-9.86454e-05	-1.60691e-03	1.358673e-02	
292	2.845900e-02	-9.31569e-05	-1.60720e-03	1.378790e-02	
293	2.855900e-02	-8.75246e-05	-1.60748e-03	1.397189e-02	
294	2.865900e-02	-8.18573e-05	-1.60775e-03	1.414893e-02	
295	2.875900e-02	-7.60588e-05	-1.60799e-03	1.430858e-02	
296	2.885900e-02	-7.02351e-05	-1.60822e-03	1.446081e-02	
297	2.895900e-02	-6.42931e-05	-1.60842e-03	1.459547e-02	
298	2.905900e-02	-5.83363e-05	-1.60861e-03	1.472231e-02	
299	2.915900e-02	-5.22740e-05	-1.60878e-03	1.483143e-02	
300	2.925900e-02	-4.62077e-05	-1.60893e-03	1.493238e-02	
301	2.935900e-02	-4.00491e-05	-1.60906e-03	1.501554e-02	
302	2.945900e-02	-3.38972e-05	-1.60918e-03	1.509021e-02	
303	2.955900e-02	-2.76664e-05	-1.60927e-03	1.514705e-02	
304	2.965900e-02	-2.14535e-05	-1.60934e-03	1.519517e-02	
305	2.975900e-02	-1.51749e-05	-1.60940e-03	1.522547e-02	
306	2.985900e-02	-8.92552e-06	-1.60943e-03	1.524685e-02	
307	2.995900e-02	-2.62397e-06	-1.60944e-03	1.525046e-02	
308	3.005900e-02	3.637170e-06	-1.60944e-03	1.524503e-02	
309	3.015900e-02	9.936960e-06	-1.60941e-03	1.522195e-02	
310	3.025900e-02	1.618502e-05	-1.60937e-03	1.518974e-02	
311	3.035900e-02	2.245829e-05	-1.60930e-03	1.514003e-02	
312	3.045900e-02	2.866851e-05	-1.60922e-03	1.508118e-02	
313	3.055900e-02	3.489060e-05	-1.60912e-03	1.500504e-02	
314	3.065900e-02	4.103839e-05	-1.60899e-03	1.491979e-02	
315	3.075900e-02	4.718483e-05	-1.60885e-03	1.481751e-02	
316	3.085900e-02	5.324583e-05	-1.60869e-03	1.470619e-02	
317	3.095900e-02	5.929246e-05	-1.60851e-03	1.457816e-02	
318	3.105900e-02	6.524266e-05	-1.60831e-03	1.444124e-02	
319	3.115900e-02	7.116571e-05	-1.60809e-03	1.428796e-02	
320	3.125900e-02	7.698155e-05	-1.60786e-03	1.412597e-02	
321	3.135900e-02	8.275771e-05	-1.60760e-03	1.394804e-02	
322	3.145900e-02	8.841615e-05	-1.60733e-03	1.376164e-02	
323	3.155900e-02	9.402273e-05	-1.60704e-03	1.355974e-02	
324	3.165900e-02	9.950136e-05	-1.60673e-03	1.334967e-02	
325	3.175900e-02	1.049163e-04	-1.60641e-03	1.312460e-02	
326	3.185900e-02	1.101934e-04	-1.60607e-03	1.289170e-02	
327	3.195900e-02	1.153954e-04	-1.60571e-03	1.264434e-02	
328	3.205900e-02	1.204501e-04	-1.60534e-03	1.238953e-02	
329	3.215900e-02	1.254188e-04	-1.60494e-03	1.212084e-02	
330	3.225900e-02	1.302310e-04	-1.60454e-03	1.184515e-02	
331	3.235900e-02	1.349467e-04	-1.60412e-03	1.155618e-02	
332	3.245900e-02	1.394975e-04	-1.60368e-03	1.126069e-02	
333	3.255900e-02	1.439418e-04	-1.60323e-03	1.095258e-02	
334	3.265900e-02	1.482130e-04	-1.60277e-03	1.063846e-02	
335	3.275900e-02	1.523683e-04	-1.60230e-03	1.031243e-02	
336	3.285900e-02	1.563431e-04	-1.60181e-03	9.980932e-03	
337	3.295900e-02	1.601932e-04	-1.60130e-03	9.638246e-03	
338	3.305900e-02	1.638558e-04	-1.60079e-03	9.290684e-03	
339	3.315900e-02	1.673855e-04	-1.60026e-03	8.932692e-03	
340	3.325900e-02	1.707213e-04	-1.59973e-03	8.570445e-03	
341	3.335900e-02	1.739168e-04	-1.59918e-03	8.198551e-03	
342	3.345900e-02	1.769126e-04	-1.59862e-03	7.823055e-03	
343	3.355900e-02	1.797613e-04	-1.59805e-03	7.438721e-03	
344	3.365900e-02	1.824053e-04	-1.59748e-03	7.051463e-03	

Index   time            v1#branch       v2#branch       v3#branch       
--------------------------------------------------------------------------------
345	3.375900e-02	1.848960e-04	-1.59689e-03	6.656199e-03	
346	3.385900e-02	1.871776e-04	-1.59629e-03	6.258713e-03	
347	3.395900e-02	1.893006e-04	-1.59569e-03	5.854072e-03	
348	3.405900e-02	1.912108e-04	-1.59508e-03	5.447932e-03	
349	3.415900e-02	1.929577e-04	-1.59445e-03	5.035505e-03	
350	3.425900e-02	1.944889e-04	-1.59382e-03	4.622319e-03	
351	3.435900e-02	1.958528e-04	-1.59319e-03	4.203727e-03	
352	3.445900e-02	1.969988e-04	-1.59254e-03	3.785132e-03	
353	3.455900e-02	1.979744e-04	-1.59188e-03	3.362022e-03	
354	3.465900e-02	1.987305e-04	-1.59121e-03	2.939681e-03	
355	3.475900e-02	1.993136e-04	-1.59052e-03	2.513747e-03	
356	3.485900e-02	1.996755e-04	-1.58986e-03	2.089491e-03	
357	3.495900e-02	1.998543e-04	-1.59083e-03	1.665084e-03	
358	3.505900e-02	1.998089e-04	-1.93256e-03	1.584177e-03	
359	3.515900e-02	1.996610e-04	-2.35958e-03	1.579403e-03	
360	3.525900e-02	1.991849e-04	-2.77301e-03	1.575133e-03	
361	3.535900e-02	1.986395e-04	-3.19807e-03	1.570899e-03	
362	3.545900e-02	1.977715e-04	-3.60883e-03	1.566842e-03	
363	3.555900e-02	1.968329e-04	-4.03003e-03	1.562751e-03	
364	3.565900e-02	1.955764e-04	-4.43636e-03	1.558792e-03	
365	3.575900e-02	1.942490e-04	-4.85205e-03	1.554791e-03	
366	3.585900e-02	1.926088e-04	-5.25230e-03	1.550915e-03	
367	3.595900e-02	1.908982e-04	-5.66085e-03	1.546998e-03	
368	3.605900e-02	1.888805e-04	-6.05339e-03	1.543206e-03	
369	3.615900e-02	1.867936e-04	-6.45320e-03	1.539379e-03	
370	3.625900e-02	1.844062e-04	-6.83646e-03	1.535679e-03	
371	3.635900e-02	1.819516e-04	-7.22598e-03	1.531950e-03	
372	3.645900e-02	1.792035e-04	-7.59841e-03	1.528352e-03	
373	3.655900e-02	1.763911e-04	-7.97611e-03	1.524732e-03	
374	3.665900e-02	1.732930e-04	-8.33622e-03	1.521249e-03	
375	3.675900e-02	1.701342e-04	-8.70065e-03	1.517751e-03	
376	3.685900e-02	1.666980e-04	-9.04699e-03	1.514394e-03	
377	3.695900e-02	1.632056e-04	-9.39673e-03	1.511029e-03	
378	3.705900e-02	1.594447e-04	-9.72790e-03	1.507812e-03	
379	3.715900e-02	1.556325e-04	-1.00616e-02	1.504595e-03	
380	3.725900e-02	1.515615e-04	-1.03763e-02	1.501529e-03	
381	3.735900e-02	1.474449e-04	-1.06926e-02	1.498472e-03	
382	3.745900e-02	1.430796e-04	-1.09895e-02	1.495571e-03	
383	3.755900e-02	1.386751e-04	-1.12873e-02	1.492686e-03	
384	3.765900e-02	1.340325e-04	-1.15653e-02	1.489963e-03	
385	3.775900e-02	1.293577e-04	-1.18434e-02	1.487262e-03	
386	3.785900e-02	1.244560e-04	-1.21013e-02	1.484728e-03	
387	3.795900e-02	1.195294e-04	-1.23585e-02	1.482224e-03	
388	3.805900e-02	1.143877e-04	-1.25953e-02	1.479890e-03	
389	3.815900e-02	1.092291e-04	-1.28308e-02	1.477592e-03	
390	3.825900e-02	1.038674e-04	-1.30456e-02	1.475470e-03	
391	3.835900e-02	9.849744e-05	-1.32584e-02	1.473389e-03	
392	3.845900e-02	9.293673e-05	-1.34502e-02	1.471487e-03	
393	3.855900e-02	8.737669e-05	-1.36395e-02	1.469633e-03	
394	3.865900e-02	8.163873e-05	-1.38076e-02	1.467961e-03	
395	3.875900e-02	7.591077e-05	-1.39726e-02	1.466342e-03	
396	3.885900e-02	7.001801e-05	-1.41163e-02	1.464907e-03	
397	3.895900e-02	6.414495e-05	-1.42565e-02	1.463530e-03	
398	3.905900e-02	5.812043e-05	-1.43753e-02	1.462340e-03	
399	3.915900e-02	5.212564e-05	-1.44900e-02	1.461212e-03	
400	3.925900e-02	4.599296e-05	-1.45833e-02	1.460272e-03	
401	3.935900e-02	3.990028e-05	-1.46723e-02	1.459397e-03	
402	3.945900e-02	3.368346e-05	-1.47397e-02	1.458712e-03	

Index   time            v1#branch       v2#branch       v3#branch       
--------------------------------------------------------------------------------
403	3.955900e-02	2.751712e-05	-1.48025e-02	1.458095e-03	
404	3.965900e-02	2.124051e-05	-1.48438e-02	1.457669e-03	
405	3.975900e-02	1.502502e-05	-1.48802e-02	1.457313e-03	
406	3.985900e-02	8.713218e-06	-1.48953e-02	1.457147e-03	
407	3.995900e-02	2.473291e-06	-1.49051e-02	1.457053e-03	
408	4.005900e-02	-3.84897e-06	-1.48938e-02	1.457149e-03	
409	4.015900e-02	-1.00885e-05	-1.48771e-02	1.457318e-03	
410	4.025900e-02	-1.63965e-05	-1.48394e-02	1.457674e-03	
411	4.035900e-02	-2.26109e-05	-1.47962e-02	1.458105e-03	
412	4.045900e-02	-2.88798e-05	-1.47323e-02	1.458721e-03	
413	4.055900e-02	-3.50444e-05	-1.46629e-02	1.459412e-03	
414	4.065900e-02	-4.12497e-05	-1.45730e-02	1.460285e-03	
415	4.075900e-02	-4.73399e-05	-1.44776e-02	1.461231e-03	
416	4.085900e-02	-5.34572e-05	-1.43620e-02	1.462357e-03	
417	4.095900e-02	-5.94489e-05	-1.42410e-02	1.463554e-03	
418	4.105900e-02	-6.54543e-05	-1.41002e-02	1.464927e-03	
419	4.115900e-02	-7.13236e-05	-1.39542e-02	1.466370e-03	
420	4.125900e-02	-7.71936e-05	-1.37887e-02	1.467985e-03	
421	4.135900e-02	-8.29172e-05	-1.36181e-02	1.469667e-03	
422	4.145900e-02	-8.86287e-05	-1.34286e-02	1.471515e-03	
423	4.155900e-02	-9.41840e-05	-1.32343e-02	1.473427e-03	
424	4.165900e-02	-9.97146e-05	-1.30214e-02	1.475501e-03	
425	4.175900e-02	-1.05079e-04	-1.28040e-02	1.477635e-03	
426	4.185900e-02	-1.10407e-04	-1.25687e-02	1.479924e-03	
427	4.195900e-02	-1.15560e-04	-1.23291e-02	1.482271e-03	
428	4.205900e-02	-1.20665e-04	-1.20723e-02	1.484766e-03	
429	4.215900e-02	-1.25586e-04	-1.18115e-02	1.487314e-03	
430	4.225900e-02	-1.30447e-04	-1.15341e-02	1.490004e-03	
431	4.235900e-02	-1.35116e-04	-1.12531e-02	1.492742e-03	
432	4.245900e-02	-1.39714e-04	-1.09562e-02	1.495616e-03	
433	4.255900e-02	-1.44113e-04	-1.06562e-02	1.498532e-03	
434	4.265900e-02	-1.48431e-04	-1.03410e-02	1.501577e-03	
435	4.275900e-02	-1.52542e-04	-1.00231e-02	1.504660e-03	
436	4.285900e-02	-1.56562e-04	-9.69076e-03	1.507863e-03	
437	4.295900e-02	-1.60369e-04	-9.35633e-03	1.511099e-03	
438	4.305900e-02	-1.64076e-04	-9.00819e-03	1.514448e-03	
439	4.315900e-02	-1.67563e-04	-8.65851e-03	1.517824e-03	
440	4.325900e-02	-1.70943e-04	-8.29593e-03	1.521306e-03	
441	4.335900e-02	-1.74097e-04	-7.93240e-03	1.524810e-03	
442	4.345900e-02	-1.77136e-04	-7.55680e-03	1.528413e-03	
443	4.355900e-02	-1.79944e-04	-7.18087e-03	1.532032e-03	
444	4.365900e-02	-1.82630e-04	-6.79372e-03	1.535743e-03	
445	4.375900e-02	-1.85081e-04	-6.40688e-03	1.539465e-03	
446	4.385900e-02	-1.87404e-04	-6.00970e-03	1.543273e-03	
447	4.395900e-02	-1.89488e-04	-5.61351e-03	1.547089e-03	
448	4.405900e-02	-1.91439e-04	-5.20786e-03	1.550986e-03	
449	4.415900e-02	-1.93147e-04	-4.80389e-03	1.554888e-03	
450	4.425900e-02	-1.94718e-04	-4.39139e-03	1.558869e-03	
451	4.435900e-02	-1.96045e-04	-3.98126e-03	1.562856e-03	
452	4.445900e-02	-1.97230e-04	-3.56354e-03	1.566928e-03	
453	4.455900e-02	-1.98169e-04	-3.14894e-03	1.571021e-03	
454	4.465900e-02	-1.98963e-04	-2.72773e-03	1.575230e-03	
455	4.475900e-02	-1.99510e-04	-2.31048e-03	1.579546e-03	
456	4.485900e-02	-1.99907e-04	-1.88822e-03	1.584394e-03	
457	4.495900e-02	-2.00021e-04	-1.58978e-03	1.704643e-03	
458	4.505900e-02	-2.00098e-04	-1.58956e-03	2.139373e-03	
459	4.515900e-02	-1.99796e-04	-1.59023e-03	2.556217e-03	
460	4.525900e-02	-1.99469e-04	-1.59092e-03	2.989539e-03	

Index   time            v1#branch       v2#branch       v3#branch       
--------------------------------------------------------------------------------
461	4.535900e-02	-1.98774e-04	-1.59159e-03	3.404366e-03	
462	4.545900e-02	-1.98051e-04	-1.59225e-03	3.834396e-03	
463	4.555900e-02	-1.96967e-04	-1.59290e-03	4.245600e-03	
464	4.565900e-02	-1.95852e-04	-1.59354e-03	4.670731e-03	
465	4.575900e-02	-1.94383e-04	-1.59417e-03	5.076649e-03	
466	4.585900e-02	-1.92881e-04	-1.59479e-03	5.495259e-03	
467	4.595900e-02	-1.91032e-04	-1.59541e-03	5.894263e-03	
468	4.605900e-02	-1.89149e-04	-1.59602e-03	6.304744e-03	
469	4.615900e-02	-1.86927e-04	-1.59662e-03	6.695223e-03	
470	4.625900e-02	-1.84672e-04	-1.59720e-03	7.095993e-03	
471	4.635900e-02	-1.82085e-04	-1.59779e-03	7.476371e-03	
472	4.645900e-02	-1.79466e-04	-1.59836e-03	7.865885e-03	
473	4.655900e-02	-1.76524e-04	-1.59892e-03	8.234627e-03	
474	4.665900e-02	-1.73552e-04	-1.59947e-03	8.611383e-03	
475	4.675900e-02	-1.70267e-04	-1.60002e-03	8.967001e-03	
476	4.685900e-02	-1.66954e-04	-1.60054e-03	9.329546e-03	
477	4.695900e-02	-1.63338e-04	-1.60107e-03	9.670603e-03	
478	4.705900e-02	-1.59698e-04	-1.60157e-03	1.001754e-02	
479	4.715900e-02	-1.55765e-04	-1.60207e-03	1.034266e-02	
480	4.725900e-02	-1.51811e-04	-1.60255e-03	1.067265e-02	
481	4.735900e-02	-1.47577e-04	-1.60302e-03	1.098051e-02	
482	4.745900e-02	-1.43327e-04	-1.60347e-03	1.129228e-02	
483	4.755900e-02	-1.38807e-04	-1.60391e-03	1.158165e-02	
484	4.765900e-02	-1.34277e-04	-1.60434e-03	1.187401e-02	
485	4.775900e-02	-1.29490e-04	-1.60475e-03	1.214371e-02	
486	4.785900e-02	-1.24698e-04	-1.60515e-03	1.241552e-02	
487	4.795900e-02	-1.19662e-04	-1.60553e-03	1.266445e-02	
488	4.805900e-02	-1.14627e-04	-1.60589e-03	1.291468e-02	
489	4.815900e-02	-1.09361e-04	-1.60624e-03	1.314184e-02	
490	4.825900e-02	-1.04105e-04	-1.60657e-03	1.336952e-02	
491	4.835900e-02	-9.86300e-05	-1.60689e-03	1.357398e-02	
492	4.845900e-02	-9.31721e-05	-1.60719e-03	1.377824e-02	
493	4.855900e-02	-8.75096e-05	-1.60747e-03	1.395918e-02	
494	4.865900e-02	-8.18721e-05	-1.60773e-03	1.413924e-02	
495	4.875900e-02	-7.60441e-05	-1.60798e-03	1.429591e-02	
496	4.885900e-02	-7.02496e-05	-1.60820e-03	1.445108e-02	
497	4.895900e-02	-6.42788e-05	-1.60841e-03	1.458284e-02	
498	4.905900e-02	-5.83504e-05	-1.60859e-03	1.471254e-02	
499	4.915900e-02	-5.22601e-05	-1.60877e-03	1.481884e-02	
500	4.925900e-02	-4.62215e-05	-1.60891e-03	1.492258e-02	
501	4.935900e-02	-4.00355e-05	-1.60905e-03	1.500297e-02	
502	4.945900e-02	-3.39106e-05	-1.60916e-03	1.508037e-02	
503	4.955900e-02	-2.76531e-05	-1.60926e-03	1.513453e-02	
504	4.965900e-02	-2.14665e-05	-1.60932e-03	1.518530e-02	
505	4.975900e-02	-1.51620e-05	-1.60938e-03	1.521297e-02	
506	4.985900e-02	-8.93827e-06	-1.60941e-03	1.523694e-02	
507	4.995900e-02	-2.61138e-06	-1.60943e-03	1.523800e-02	
508	5.005900e-02	3.624740e-06	-1.60942e-03	1.523510e-02	
509	5.015900e-02	9.949240e-06	-1.60940e-03	1.520952e-02	
510	5.025900e-02	1.617290e-05	-1.60935e-03	1.517977e-02	
511	5.035900e-02	2.247026e-05	-1.60929e-03	1.512764e-02	
512	5.045900e-02	2.865670e-05	-1.60920e-03	1.507118e-02	
513	5.055900e-02	3.490227e-05	-1.60910e-03	1.499268e-02	
514	5.065900e-02	4.102687e-05	-1.60898e-03	1.490976e-02	
515	5.075900e-02	4.719620e-05	-1.60884e-03	1.480517e-02	
516	5.085900e-02	5.323460e-05	-1.60867e-03	1.469613e-02	
517	5.095900e-02	5.930355e-05	-1.60850e-03	1.456585e-02	
518	5.105900e-02	6.523171e-05	-1.60829e-03	1.443115e-02	

Index   time            v1#branch       v2#branch       v3#branch       
--------------------------------------------------------------------------------
519	5.115900e-02	7.117652e-05	-1.60808e-03	1.427568e-02	
520	5.125900e-02	7.697087e-05	-1.60784e-03	1.411586e-02	
521	5.135900e-02	8.276825e-05	-1.60759e-03	1.393579e-02	
522	5.145900e-02	8.840575e-05	-1.60731e-03	1.375150e-02	
523	5.155900e-02	9.403300e-05	-1.60703e-03	1.354752e-02	
524	5.165900e-02	9.949122e-05	-1.60671e-03	1.333951e-02	
525	5.175900e-02	1.049263e-04	-1.60639e-03	1.311240e-02	
526	5.185900e-02	1.101835e-04	-1.60605e-03	1.288151e-02	
527	5.195900e-02	1.154052e-04	-1.60569e-03	1.263217e-02	
528	5.205900e-02	1.204405e-04	-1.60532e-03	1.237931e-02	
529	5.215900e-02	1.254283e-04	-1.60493e-03	1.210870e-02	
530	5.225900e-02	1.302216e-04	-1.60452e-03	1.183490e-02	
531	5.235900e-02	1.349560e-04	-1.60411e-03	1.154406e-02	
532	5.245900e-02	1.394883e-04	-1.60367e-03	1.125042e-02	
533	5.255900e-02	1.439508e-04	-1.60322e-03	1.094048e-02	
534	5.265900e-02	1.482041e-04	-1.60275e-03	1.062817e-02	
535	5.275900e-02	1.523772e-04	-1.60228e-03	1.030035e-02	
536	5.285900e-02	1.563344e-04	-1.60179e-03	9.970619e-03	
537	5.295900e-02	1.602018e-04	-1.60129e-03	9.626192e-03	
538	5.305900e-02	1.638473e-04	-1.60077e-03	9.280349e-03	
539	5.315900e-02	1.673938e-04	-1.60025e-03	8.920660e-03	
540	5.325900e-02	1.707130e-04	-1.59971e-03	8.560088e-03	
541	5.335900e-02	1.739249e-04	-1.59917e-03	8.186541e-03	
542	5.345900e-02	1.769045e-04	-1.59860e-03	7.812676e-03	
543	5.355900e-02	1.797692e-04	-1.59804e-03	7.426731e-03	
544	5.365900e-02	1.823974e-04	-1.59746e-03	7.041064e-03	
545	5.375900e-02	1.849037e-04	-1.59687e-03	6.644230e-03	
546	5.385900e-02	1.871700e-04	-1.59627e-03	6.248294e-03	
547	5.395900e-02	1.893081e-04	-1.59567e-03	5.842123e-03	
548	5.405900e-02	1.912033e-04	-1.59506e-03	5.437493e-03	
549	5.415900e-02	1.929650e-04	-1.59444e-03	5.023576e-03	
550	5.425900e-02	1.944816e-04	-1.59380e-03	4.611861e-03	
551	5.435900e-02	1.958599e-04	-1.59317e-03	4.191817e-03	
552	5.445900e-02	1.969917e-04	-1.59252e-03	3.774654e-03	
553	5.455900e-02	1.979813e-04	-1.59186e-03	3.350132e-03	
554	5.465900e-02	1.987236e-04	-1.59118e-03	2.929184e-03	
555	5.475900e-02	1.993204e-04	-1.59050e-03	2.501877e-03	
556	5.485900e-02	1.996687e-04	-1.58984e-03	2.078987e-03	
557	5.495900e-02	1.998595e-04	-1.59122e-03	1.653769e-03	
558	5.505900e-02	1.998050e-04	-1.94320e-03	1.584042e-03	
559	5.515900e-02	1.996650e-04	-2.37104e-03	1.579283e-03	
560	5.525900e-02	1.991809e-04	-2.78368e-03	1.575025e-03	
561	5.535900e-02	1.986434e-04	-3.20953e-03	1.570787e-03	
562	5.545900e-02	1.977677e-04	-3.61951e-03	1.566737e-03	
563	5.555900e-02	1.968368e-04	-4.04148e-03	1.562641e-03	
564	5.565900e-02	1.955727e-04	-4.44706e-03	1.558688e-03	
565	5.575900e-02	1.942528e-04	-4.86350e-03	1.554681e-03	
566	5.585900e-02	1.926052e-04	-5.26300e-03	1.550811e-03	
567	5.595900e-02	1.909019e-04	-5.67229e-03	1.546888e-03	
568	5.605900e-02	1.888770e-04	-6.06410e-03	1.543103e-03	
569	5.615900e-02	1.867973e-04	-6.46463e-03	1.539269e-03	
570	5.625900e-02	1.844027e-04	-6.84718e-03	1.535576e-03	
571	5.635900e-02	1.819551e-04	-7.23740e-03	1.531840e-03	
572	5.645900e-02	1.792001e-04	-7.60913e-03	1.528249e-03	
573	5.655900e-02	1.763946e-04	-7.98753e-03	1.524623e-03	
574	5.665900e-02	1.732897e-04	-8.34696e-03	1.521145e-03	
575	5.675900e-02	1.701377e-04	-8.71206e-03	1.517641e-03	
576	5.685900e-02	1.666948e-04	-9.05773e-03	1.514290e-03	

Index   time            v1#branch       v2#branch       v3#branch       
--------------------------------------------------------------------------------
577	5.695900e-02	1.632089e-04	-9.40813e-03	1.510920e-03	
578	5.705900e-02	1.594415e-04	-9.73865e-03	1.507708e-03	
579	5.715900e-02	1.556358e-04	-1.00730e-02	1.504485e-03	
580	5.725900e-02	1.515584e-04	-1.03870e-02	1.501425e-03	
581	5.735900e-02	1.474481e-04	-1.07040e-02	1.498362e-03	
582	5.745900e-02	1.430765e-04	-1.10003e-02	1.495466e-03	
583	5.755900e-02	1.386783e-04	-1.12987e-02	1.492576e-03	
584	5.765900e-02	1.340295e-04	-1.15761e-02	1.489858e-03	
585	5.775900e-02	1.293608e-04	-1.18547e-02	1.487152e-03	
586	5.785900e-02	1.244530e-04	-1.21120e-02	1.484623e-03	
587	5.795900e-02	1.195325e-04	-1.23699e-02	1.482113e-03	
588	5.805900e-02	1.143848e-04	-1.26061e-02	1.479784e-03	
589	5.815900e-02	1.092321e-04	-1.28422e-02	1.477481e-03	
590	5.825900e-02	1.038646e-04	-1.30563e-02	1.475364e-03	
591	5.835900e-02	9.850035e-05	-1.32697e-02	1.473278e-03	
592	5.845900e-02	9.293395e-05	-1.34610e-02	1.471381e-03	
593	5.855900e-02	8.737954e-05	-1.36508e-02	1.469522e-03	
594	5.865900e-02	8.163600e-05	-1.38184e-02	1.467854e-03	
595	5.875900e-02	7.591357e-05	-1.39840e-02	1.466230e-03	
596	5.885900e-02	7.001533e-05	-1.41271e-02	1.464800e-03	
597	5.895900e-02	6.414769e-05	-1.42679e-02	1.463418e-03	
598	5.905900e-02	5.811781e-05	-1.43861e-02	1.462233e-03	
599	5.915900e-02	5.212832e-05	-1.45014e-02	1.461100e-03	
600	5.925900e-02	4.599039e-05	-1.45942e-02	1.460165e-03	
601	5.935900e-02	3.990291e-05	-1.46836e-02	1.459285e-03	
602	5.945900e-02	3.368094e-05	-1.47506e-02	1.458605e-03	
603	5.955900e-02	2.751969e-05	-1.48139e-02	1.457983e-03	
604	5.965900e-02	2.123804e-05	-1.48547e-02	1.457561e-03	
605	5.975900e-02	1.502755e-05	-1.48916e-02	1.457201e-03	
606	5.985900e-02	8.710799e-06	-1.49061e-02	1.457039e-03	
607	5.995900e-02	2.475767e-06	-1.49164e-02	1.456941e-03	
608	6.005900e-02	-3.85135e-06	-1.49046e-02	1.457041e-03	
609	6.015900e-02	-1.00861e-05	-1.48884e-02	1.457206e-03	
610	6.025900e-02	-1.63988e-05	-1.48502e-02	1.457567e-03	
611	6.035900e-02	-2.26085e-05	-1.48076e-02	1.457993e-03	
612	6.045900e-02	-2.88821e-05	-1.47431e-02	1.458614e-03	
613	6.055900e-02	-3.50420e-05	-1.46742e-02	1.459300e-03	
614	6.065900e-02	-4.12519e-05	-1.45838e-02	1.460177e-03	
615	6.075900e-02	-4.73376e-05	-1.44889e-02	1.461119e-03	
616	6.085900e-02	-5.34594e-05	-1.43729e-02	1.462249e-03	
617	6.095900e-02	-5.94466e-05	-1.42523e-02	1.463443e-03	
618	6.105900e-02	-6.54564e-05	-1.41111e-02	1.464820e-03	
619	6.115900e-02	-7.13214e-05	-1.39655e-02	1.466259e-03	
620	6.125900e-02	-7.71957e-05	-1.37996e-02	1.467878e-03	
621	6.135900e-02	-8.29151e-05	-1.36294e-02	1.469556e-03	
622	6.145900e-02	-8.86308e-05	-1.34395e-02	1.471408e-03	
623	6.155900e-02	-9.41819e-05	-1.32455e-02	1.473316e-03	
624	6.165900e-02	-9.97166e-05	-1.30323e-02	1.475394e-03	
625	6.175900e-02	-1.05077e-04	-1.28153e-02	1.477525e-03	
626	6.185900e-02	-1.10409e-04	-1.25796e-02	1.479818e-03	
627	6.195900e-02	-1.15558e-04	-1.23404e-02	1.482161e-03	
628	6.205900e-02	-1.20667e-04	-1.20832e-02	1.484660e-03	
629	6.215900e-02	-1.25584e-04	-1.18228e-02	1.487204e-03	
630	6.225900e-02	-1.30449e-04	-1.15450e-02	1.489898e-03	
631	6.235900e-02	-1.35114e-04	-1.12644e-02	1.492633e-03	
632	6.245900e-02	-1.39716e-04	-1.09671e-02	1.495510e-03	
633	6.255900e-02	-1.44111e-04	-1.06675e-02	1.498423e-03	
634	6.265900e-02	-1.48433e-04	-1.03518e-02	1.501471e-03	

Index   time            v1#branch       v2#branch       v3#branch       
--------------------------------------------------------------------------------
635	6.275900e-02	-1.52540e-04	-1.00344e-02	1.504551e-03	
636	6.285900e-02	-1.56564e-04	-9.70166e-03	1.507757e-03	
637	6.295900e-02	-1.60367e-04	-9.36759e-03	1.510990e-03	
638	6.305900e-02	-1.64078e-04	-9.01909e-03	1.514343e-03	
639	6.315900e-02	-1.67562e-04	-8.66977e-03	1.517716e-03	
640	6.325900e-02	-1.70945e-04	-8.30683e-03	1.521201e-03	
641	6.335900e-02	-1.74095e-04	-7.94365e-03	1.524702e-03	
642	6.345900e-02	-1.77138e-04	-7.56770e-03	1.528308e-03	
643	6.355900e-02	-1.79942e-04	-7.19211e-03	1.531924e-03	
644	6.365900e-02	-1.82632e-04	-6.80463e-03	1.535638e-03	
645	6.375900e-02	-1.85079e-04	-6.41812e-03	1.539357e-03	
646	6.385900e-02	-1.87406e-04	-6.02061e-03	1.543169e-03	
647	6.395900e-02	-1.89486e-04	-5.62474e-03	1.546981e-03	
648	6.405900e-02	-1.91440e-04	-5.21878e-03	1.550881e-03	
649	6.415900e-02	-1.93146e-04	-4.81513e-03	1.554779e-03	
650	6.425900e-02	-1.94720e-04	-4.40230e-03	1.558763e-03	
651	6.435900e-02	-1.96043e-04	-3.99249e-03	1.562747e-03	
652	6.445900e-02	-1.97231e-04	-3.57446e-03	1.566821e-03	
653	6.455900e-02	-1.98167e-04	-3.16016e-03	1.570909e-03	
654	6.465900e-02	-1.98964e-04	-2.73865e-03	1.575119e-03	
655	6.475900e-02	-1.99509e-04	-2.32169e-03	1.579427e-03	
656	6.485900e-02	-1.99909e-04	-1.89909e-03	1.584251e-03	
657	6.495900e-02	-2.00020e-04	-1.58991e-03	1.693521e-03	
658	6.505900e-02	-2.00098e-04	-1.58954e-03	2.128182e-03	
659	6.515900e-02	-1.99796e-04	-1.59022e-03	2.545012e-03	
660	6.525900e-02	-1.99469e-04	-1.59090e-03	2.978353e-03	
661	6.535900e-02	-1.98774e-04	-1.59158e-03	3.393163e-03	
662	6.545900e-02	-1.98051e-04	-1.59223e-03	3.823201e-03	
663	6.555900e-02	-1.96967e-04	-1.59289e-03	4.234399e-03	
664	6.565900e-02	-1.95852e-04	-1.59352e-03	4.659536e-03	
665	6.575900e-02	-1.94383e-04	-1.59416e-03	5.065439e-03	
666	6.585900e-02	-1.92881e-04	-1.59477e-03	5.484063e-03	
667	6.595900e-02	-1.91032e-04	-1.59540e-03	5.883070e-03	
668	6.605900e-02	-1.89149e-04	-1.59600e-03	6.293552e-03	
669	6.615900e-02	-1.86927e-04	-1.59660e-03	6.684017e-03	
670	6.625900e-02	-1.84672e-04	-1.59718e-03	7.084797e-03	
671	6.635900e-02	-1.82085e-04	-1.59777e-03	7.465179e-03	
672	6.645900e-02	-1.79466e-04	-1.59834e-03	7.854692e-03	
673	6.655900e-02	-1.76524e-04	-1.59891e-03	8.223423e-03	
674	6.665900e-02	-1.73552e-04	-1.59945e-03	8.600186e-03	
675	6.675900e-02	-1.70267e-04	-1.60000e-03	8.955810e-03	
676	6.685900e-02	-1.66954e-04	-1.60052e-03	9.318352e-03	
677	6.695900e-02	-1.63338e-04	-1.60105e-03	9.659400e-03	
678	6.705900e-02	-1.59698e-04	-1.60155e-03	1.000634e-02	
679	6.715900e-02	-1.55765e-04	-1.60205e-03	1.033147e-02	
680	6.725900e-02	-1.51812e-04	-1.60253e-03	1.066145e-02	
681	6.735900e-02	-1.47577e-04	-1.60300e-03	1.096931e-02	
682	6.745900e-02	-1.43327e-04	-1.60345e-03	1.128109e-02	
683	6.755900e-02	-1.38807e-04	-1.60390e-03	1.157045e-02	
684	6.765900e-02	-1.34277e-04	-1.60432e-03	1.186281e-02	
685	6.775900e-02	-1.29490e-04	-1.60474e-03	1.213250e-02	
686	6.785900e-02	-1.24698e-04	-1.60513e-03	1.240432e-02	
687	6.795900e-02	-1.19662e-04	-1.60552e-03	1.265325e-02	
688	6.805900e-02	-1.14627e-04	-1.60587e-03	1.290348e-02	
689	6.815900e-02	-1.09361e-04	-1.60623e-03	1.313064e-02	
690	6.825900e-02	-1.04105e-04	-1.60655e-03	1.335832e-02	
691	6.835900e-02	-9.86300e-05	-1.60688e-03	1.356279e-02	
692	6.845900e-02	-9.31721e-05	-1.60717e-03	1.376704e-02	

Index   time            v1#branch       v2#branch       v3#branch       
--------------------------------------------------------------------------------
693	6.855900e-02	-8.75095e-05	-1.60746e-03	1.394798e-02	
694	6.865900e-02	-8.18721e-05	-1.60771e-03	1.412804e-02	
695	6.875900e-02	-7.60440e-05	-1.60796e-03	1.428471e-02	
696	6.885900e-02	-7.02496e-05	-1.60818e-03	1.443988e-02	
697	6.895900e-02	-6.42787e-05	-1.60840e-03	1.457164e-02	
698	6.905900e-02	-5.83504e-05	-1.60857e-03	1.470134e-02	
699	6.915900e-02	-5.22601e-05	-1.60875e-03	1.480764e-02	
700	6.925900e-02	-4.62215e-05	-1.60890e-03	1.491138e-02	
701	6.935900e-02	-4.00354e-05	-1.60904e-03	1.499178e-02	
702	6.945900e-02	-3.39106e-05	-1.60914e-03	1.506917e-02	
703	6.955900e-02	-2.76531e-05	-1.60924e-03	1.512333e-02	
704	6.965900e-02	-2.14665e-05	-1.60930e-03	1.517410e-02	
705	6.975900e-02	-1.51620e-05	-1.60937e-03	1.520178e-02	
706	6.985900e-02	-8.93825e-06	-1.60939e-03	1.522574e-02	
707	6.995900e-02	-2.61138e-06	-1.60942e-03	1.522681e-02	
708	7.005900e-02	3.624757e-06	-1.60940e-03	1.522389e-02	
709	7.015900e-02	9.949235e-06	-1.60939e-03	1.519833e-02	
710	7.025900e-02	1.617292e-05	-1.60933e-03	1.516857e-02	
711	7.035900e-02	2.247025e-05	-1.60928e-03	1.511644e-02	
712	7.045900e-02	2.865672e-05	-1.60918e-03	1.505998e-02	
713	7.055900e-02	3.490226e-05	-1.60909e-03	1.498148e-02	
714	7.065900e-02	4.102689e-05	-1.60896e-03	1.489855e-02	
715	7.075900e-02	4.719619e-05	-1.60882e-03	1.479398e-02	
716	7.085900e-02	5.323462e-05	-1.60865e-03	1.468493e-02	
717	7.095900e-02	5.930353e-05	-1.60848e-03	1.455466e-02	
718	7.105900e-02	6.523174e-05	-1.60827e-03	1.441995e-02	
719	7.115900e-02	7.117649e-05	-1.60807e-03	1.426449e-02	
720	7.125900e-02	7.697090e-05	-1.60782e-03	1.410465e-02	
721	7.135900e-02	8.276822e-05	-1.60757e-03	1.392459e-02	
722	7.145900e-02	8.840578e-05	-1.60729e-03	1.374029e-02	
723	7.155900e-02	9.403297e-05	-1.60701e-03	1.353633e-02	
724	7.165900e-02	9.949125e-05	-1.60669e-03	1.332830e-02	
725	7.175900e-02	1.049263e-04	-1.60638e-03	1.310121e-02	
726	7.185900e-02	1.101836e-04	-1.60603e-03	1.287031e-02	
727	7.195900e-02	1.154051e-04	-1.60568e-03	1.262097e-02	
728	7.205900e-02	1.204405e-04	-1.60530e-03	1.236811e-02	
729	7.215900e-02	1.254282e-04	-1.60492e-03	1.209750e-02	
730	7.225900e-02	1.302217e-04	-1.60450e-03	1.182370e-02	
731	7.235900e-02	1.349560e-04	-1.60409e-03	1.153287e-02	
732	7.245900e-02	1.394884e-04	-1.60365e-03	1.123921e-02	
733	7.255900e-02	1.439508e-04	-1.60321e-03	1.092929e-02	
734	7.265900e-02	1.482041e-04	-1.60273e-03	1.061697e-02	
735	7.275900e-02	1.523771e-04	-1.60227e-03	1.028916e-02	
736	7.285900e-02	1.563344e-04	-1.60177e-03	9.959413e-03	
737	7.295900e-02	1.602017e-04	-1.60128e-03	9.615002e-03	
738	7.305900e-02	1.638473e-04	-1.60075e-03	9.269144e-03	
739	7.315900e-02	1.673938e-04	-1.60024e-03	8.909470e-03	
740	7.325900e-02	1.707131e-04	-1.59969e-03	8.548882e-03	
741	7.335900e-02	1.739249e-04	-1.59915e-03	8.175352e-03	
742	7.345900e-02	1.769046e-04	-1.59858e-03	7.801471e-03	
743	7.355900e-02	1.797692e-04	-1.59803e-03	7.415543e-03	
744	7.365900e-02	1.823975e-04	-1.59744e-03	7.029858e-03	
745	7.375900e-02	1.849037e-04	-1.59686e-03	6.633041e-03	
746	7.385900e-02	1.871700e-04	-1.59625e-03	6.237088e-03	
747	7.395900e-02	1.893081e-04	-1.59566e-03	5.830935e-03	
748	7.405900e-02	1.912034e-04	-1.59504e-03	5.426287e-03	
749	7.415900e-02	1.929650e-04	-1.59443e-03	5.012388e-03	
750	7.425900e-02	1.944816e-04	-1.59378e-03	4.600655e-03	

Index   time            v1#branch       v2#branch       v3#branch       
--------------------------------------------------------------------------------
751	7.435900e-02	1.958599e-04	-1.59316e-03	4.180630e-03	
752	7.445900e-02	1.969918e-04	-1.59250e-03	3.763447e-03	
753	7.455900e-02	1.979813e-04	-1.59185e-03	3.338944e-03	
754	7.465900e-02	1.987236e-04	-1.59116e-03	2.917978e-03	
755	7.475900e-02	1.993201e-04	-1.59049e-03	2.490703e-03	
756	7.485900e-02	1.996688e-04	-1.58982e-03	2.067782e-03	
757	7.495900e-02	1.998579e-04	-1.59174e-03	1.643272e-03	
758	7.505900e-02	1.998081e-04	-1.95456e-03	1.583903e-03	
759	7.515900e-02	1.996619e-04	-2.38179e-03	1.579161e-03	
760	7.525900e-02	1.991841e-04	-2.79506e-03	1.574911e-03	
761	7.535900e-02	1.986404e-04	-3.22030e-03	1.570680e-03	
762	7.545900e-02	1.977708e-04	-3.63089e-03	1.566627e-03	
763	7.555900e-02	1.968338e-04	-4.05226e-03	1.562534e-03	
764	7.565900e-02	1.955757e-04	-4.45843e-03	1.558580e-03	
765	7.575900e-02	1.942499e-04	-4.87428e-03	1.554575e-03	
766	7.585900e-02	1.926082e-04	-5.27437e-03	1.550703e-03	
767	7.595900e-02	1.908991e-04	-5.68308e-03	1.546783e-03	
768	7.605900e-02	1.888799e-04	-6.07547e-03	1.542995e-03	
769	7.615900e-02	1.867945e-04	-6.47543e-03	1.539164e-03	
770	7.625900e-02	1.844055e-04	-6.85854e-03	1.535468e-03	
771	7.635900e-02	1.819524e-04	-7.24820e-03	1.531735e-03	
772	7.645900e-02	1.792029e-04	-7.62049e-03	1.528141e-03	
773	7.655900e-02	1.763919e-04	-7.99834e-03	1.524518e-03	
774	7.665900e-02	1.732924e-04	-8.35830e-03	1.521037e-03	
775	7.675900e-02	1.701350e-04	-8.72287e-03	1.517536e-03	
776	7.685900e-02	1.666975e-04	-9.06907e-03	1.514182e-03	
777	7.695900e-02	1.632063e-04	-9.41895e-03	1.510814e-03	
778	7.705900e-02	1.594441e-04	-9.74999e-03	1.507599e-03	
779	7.715900e-02	1.556333e-04	-1.00838e-02	1.504379e-03	
780	7.725900e-02	1.515609e-04	-1.03984e-02	1.501316e-03	
781	7.735900e-02	1.474457e-04	-1.07148e-02	1.498255e-03	
782	7.745900e-02	1.430791e-04	-1.10116e-02	1.495358e-03	
783	7.755900e-02	1.386758e-04	-1.13095e-02	1.492469e-03	
784	7.765900e-02	1.340320e-04	-1.15874e-02	1.489749e-03	
785	7.775900e-02	1.293584e-04	-1.18656e-02	1.487045e-03	
786	7.785900e-02	1.244554e-04	-1.21234e-02	1.484514e-03	
787	7.795900e-02	1.195301e-04	-1.23808e-02	1.482006e-03	
788	7.805900e-02	1.143872e-04	-1.26174e-02	1.479675e-03	
789	7.815900e-02	1.092298e-04	-1.28530e-02	1.477374e-03	
790	7.825900e-02	1.038669e-04	-1.30677e-02	1.475254e-03	
791	7.835900e-02	9.849810e-05	-1.32806e-02	1.473170e-03	
792	7.845900e-02	9.293624e-05	-1.34723e-02	1.471271e-03	
793	7.855900e-02	8.737733e-05	-1.36617e-02	1.469414e-03	
794	7.865900e-02	8.163824e-05	-1.38297e-02	1.467744e-03	
795	7.875900e-02	7.591140e-05	-1.39948e-02	1.466122e-03	
796	7.885900e-02	7.001753e-05	-1.41384e-02	1.464690e-03	
797	7.895900e-02	6.414556e-05	-1.42787e-02	1.463310e-03	
798	7.905900e-02	5.811997e-05	-1.43974e-02	1.462123e-03	
799	7.915900e-02	5.212623e-05	-1.45122e-02	1.460991e-03	
800	7.925900e-02	4.599251e-05	-1.46054e-02	1.460054e-03	
801	7.935900e-02	3.990086e-05	-1.46945e-02	1.459176e-03	
802	7.945900e-02	3.368302e-05	-1.47618e-02	1.458494e-03	
803	7.955900e-02	2.751768e-05	-1.48247e-02	1.457875e-03	
804	7.965900e-02	2.124008e-05	-1.48659e-02	1.457451e-03	
805	7.975900e-02	1.502557e-05	-1.49024e-02	1.457092e-03	
806	7.985900e-02	8.712797e-06	-1.49174e-02	1.456929e-03	
807	7.995900e-02	2.473832e-06	-1.49273e-02	1.456832e-03	
808	8.005900e-02	-3.84939e-06	-1.49159e-02	1.456931e-03	

Index   time            v1#branch       v2#branch       v3#branch       
--------------------------------------------------------------------------------
809	8.015900e-02	-1.00880e-05	-1.48993e-02	1.457097e-03	
810	8.025900e-02	-1.63969e-05	-1.48615e-02	1.457456e-03	
811	8.035900e-02	-2.26104e-05	-1.48184e-02	1.457884e-03	
812	8.045900e-02	-2.88802e-05	-1.47544e-02	1.458504e-03	
813	8.055900e-02	-3.50439e-05	-1.46851e-02	1.459191e-03	
814	8.065900e-02	-4.12500e-05	-1.45951e-02	1.460067e-03	
815	8.075900e-02	-4.73394e-05	-1.44998e-02	1.461010e-03	
816	8.085900e-02	-5.34576e-05	-1.43841e-02	1.462139e-03	
817	8.095900e-02	-5.94484e-05	-1.42632e-02	1.463334e-03	
818	8.105900e-02	-6.54547e-05	-1.41224e-02	1.464710e-03	
819	8.115900e-02	-7.13232e-05	-1.39764e-02	1.466151e-03	
820	8.125900e-02	-7.71939e-05	-1.38108e-02	1.467768e-03	
821	8.135900e-02	-8.29168e-05	-1.36403e-02	1.469447e-03	
822	8.145900e-02	-8.86291e-05	-1.34508e-02	1.471298e-03	
823	8.155900e-02	-9.41835e-05	-1.32564e-02	1.473208e-03	
824	8.165900e-02	-9.97149e-05	-1.30436e-02	1.475285e-03	
825	8.175900e-02	-1.05079e-04	-1.28262e-02	1.477417e-03	
826	8.185900e-02	-1.10408e-04	-1.25909e-02	1.479709e-03	
827	8.195900e-02	-1.15560e-04	-1.23513e-02	1.482053e-03	
828	8.205900e-02	-1.20665e-04	-1.20944e-02	1.484551e-03	
829	8.215900e-02	-1.25585e-04	-1.18337e-02	1.487097e-03	
830	8.225900e-02	-1.30447e-04	-1.15562e-02	1.489790e-03	
831	8.235900e-02	-1.35115e-04	-1.12753e-02	1.492526e-03	
832	8.245900e-02	-1.39715e-04	-1.09783e-02	1.495402e-03	
833	8.255900e-02	-1.44113e-04	-1.06784e-02	1.498316e-03	
834	8.265900e-02	-1.48431e-04	-1.03631e-02	1.501364e-03	
835	8.275900e-02	-1.52541e-04	-1.00453e-02	1.504444e-03	
836	8.285900e-02	-1.56563e-04	-9.71288e-03	1.507650e-03	
837	8.295900e-02	-1.60368e-04	-9.37852e-03	1.510883e-03	
838	8.305900e-02	-1.64077e-04	-9.03031e-03	1.514235e-03	
839	8.315900e-02	-1.67563e-04	-8.68070e-03	1.517609e-03	
840	8.325900e-02	-1.70944e-04	-8.31805e-03	1.521094e-03	
841	8.335900e-02	-1.74097e-04	-7.95459e-03	1.524596e-03	
842	8.345900e-02	-1.77136e-04	-7.57892e-03	1.528201e-03	
843	8.355900e-02	-1.79944e-04	-7.20305e-03	1.531818e-03	
844	8.365900e-02	-1.82630e-04	-6.81584e-03	1.535531e-03	
845	8.375900e-02	-1.85081e-04	-6.42907e-03	1.539251e-03	
846	8.385900e-02	-1.87404e-04	-6.03183e-03	1.543062e-03	
847	8.395900e-02	-1.89488e-04	-5.63569e-03	1.546875e-03	
848	8.405900e-02	-1.91439e-04	-5.22999e-03	1.550774e-03	
849	8.415900e-02	-1.93147e-04	-4.82607e-03	1.554673e-03	
850	8.425900e-02	-1.94719e-04	-4.41351e-03	1.558655e-03	
851	8.435900e-02	-1.96045e-04	-4.00344e-03	1.562639e-03	
852	8.445900e-02	-1.97230e-04	-3.58567e-03	1.566712e-03	
853	8.455900e-02	-1.98169e-04	-3.17111e-03	1.570800e-03	
854	8.465900e-02	-1.98963e-04	-2.74984e-03	1.575007e-03	
855	8.475900e-02	-1.99510e-04	-2.33263e-03	1.579310e-03	
856	8.485900e-02	-1.99908e-04	-1.91024e-03	1.584108e-03	
857	8.495900e-02	-2.00022e-04	-1.59008e-03	1.682704e-03	
858	8.505900e-02	-2.00095e-04	-1.58952e-03	2.116707e-03	
859	8.515900e-02	-1.99799e-04	-1.59020e-03	2.534078e-03	
860	8.525900e-02	-1.99466e-04	-1.59088e-03	2.966891e-03	
861	8.535900e-02	-1.98777e-04	-1.59156e-03	3.382223e-03	
862	8.545900e-02	-1.98049e-04	-1.59221e-03	3.811765e-03	
863	8.555900e-02	-1.96970e-04	-1.59287e-03	4.223452e-03	
864	8.565900e-02	-1.95850e-04	-1.59350e-03	4.648106e-03	
865	8.575900e-02	-1.94386e-04	-1.59414e-03	5.054502e-03	
866	8.585900e-02	-1.92879e-04	-1.59475e-03	5.472644e-03	

Index   time            v1#branch       v2#branch       v3#branch       
--------------------------------------------------------------------------------
867	8.595900e-02	-1.91034e-04	-1.59538e-03	5.872114e-03	
868	8.605900e-02	-1.89147e-04	-1.59598e-03	6.282134e-03	
869	8.615900e-02	-1.86930e-04	-1.59659e-03	6.673070e-03	
870	8.625900e-02	-1.84670e-04	-1.59716e-03	7.073388e-03	
871	8.635900e-02	-1.82087e-04	-1.59776e-03	7.454214e-03	
872	8.645900e-02	-1.79464e-04	-1.59832e-03	7.843286e-03	
873	8.655900e-02	-1.76526e-04	-1.59889e-03	8.212467e-03	
874	8.665900e-02	-1.73550e-04	-1.59943e-03	8.588789e-03	
875	8.675900e-02	-1.70269e-04	-1.59999e-03	8.944836e-03	
876	8.685900e-02	-1.66952e-04	-1.60050e-03	9.306936e-03	
877	8.695900e-02	-1.63340e-04	-1.60104e-03	9.648434e-03	
878	8.705900e-02	-1.59695e-04	-1.60153e-03	9.994935e-03	
879	8.715900e-02	-1.55767e-04	-1.60204e-03	1.032048e-02	
880	8.725900e-02	-1.51809e-04	-1.60251e-03	1.065005e-02	
881	8.735900e-02	-1.47579e-04	-1.60299e-03	1.095834e-02	
882	8.745900e-02	-1.43325e-04	-1.60343e-03	1.126969e-02	
883	8.755900e-02	-1.38809e-04	-1.60389e-03	1.155947e-02	
884	8.765900e-02	-1.34275e-04	-1.60430e-03	1.185142e-02	
885	8.775900e-02	-1.29492e-04	-1.60473e-03	1.212152e-02	
886	8.785900e-02	-1.24696e-04	-1.60511e-03	1.239293e-02	
887	8.795900e-02	-1.19664e-04	-1.60550e-03	1.264226e-02	
888	8.805900e-02	-1.14626e-04	-1.60585e-03	1.289210e-02	
889	8.815900e-02	-1.09363e-04	-1.60622e-03	1.311965e-02	
890	8.825900e-02	-1.04103e-04	-1.60653e-03	1.334694e-02	
891	8.835900e-02	-9.86319e-05	-1.60686e-03	1.355179e-02	
892	8.845900e-02	-9.31703e-05	-1.60715e-03	1.375567e-02	
893	8.855900e-02	-8.75114e-05	-1.60744e-03	1.393698e-02	
894	8.865900e-02	-8.18704e-05	-1.60769e-03	1.411667e-02	
895	8.875900e-02	-7.60459e-05	-1.60795e-03	1.427370e-02	
896	8.885900e-02	-7.02480e-05	-1.60816e-03	1.442852e-02	
897	8.895900e-02	-6.42805e-05	-1.60838e-03	1.456063e-02	
898	8.905900e-02	-5.83488e-05	-1.60856e-03	1.468998e-02	
899	8.915900e-02	-5.22618e-05	-1.60874e-03	1.479663e-02	
900	8.925900e-02	-4.62199e-05	-1.60888e-03	1.490003e-02	
901	8.935900e-02	-4.00372e-05	-1.60902e-03	1.498076e-02	
902	8.945900e-02	-3.39091e-05	-1.60912e-03	1.505782e-02	
903	8.955900e-02	-2.76548e-05	-1.60923e-03	1.511231e-02	
904	8.965900e-02	-2.14650e-05	-1.60929e-03	1.516275e-02	
905	8.975900e-02	-1.51635e-05	-1.60935e-03	1.519074e-02	
906	8.985900e-02	-8.93678e-06	-1.60937e-03	1.521440e-02	
907	8.995900e-02	-2.61285e-06	-1.60940e-03	1.521577e-02	
908	9.005900e-02	3.626196e-06	-1.60938e-03	1.521255e-02	
909	9.015900e-02	9.947795e-06	-1.60937e-03	1.518728e-02	
910	9.025900e-02	1.617433e-05	-1.60931e-03	1.515723e-02	
911	9.035900e-02	2.246884e-05	-1.60926e-03	1.510540e-02	
912	9.045900e-02	2.865809e-05	-1.60916e-03	1.504865e-02	
913	9.055900e-02	3.490088e-05	-1.60908e-03	1.497043e-02	
914	9.065900e-02	4.102823e-05	-1.60894e-03	1.488722e-02	
915	9.075900e-02	4.719484e-05	-1.60881e-03	1.478292e-02	
916	9.085900e-02	5.323594e-05	-1.60863e-03	1.467360e-02	
917	9.095900e-02	5.930221e-05	-1.60847e-03	1.454361e-02	
918	9.105900e-02	6.523302e-05	-1.60825e-03	1.440862e-02	
919	9.115900e-02	7.117520e-05	-1.60805e-03	1.425343e-02	
920	9.125900e-02	7.697216e-05	-1.60780e-03	1.409333e-02	
921	9.135900e-02	8.276696e-05	-1.60756e-03	1.391353e-02	
922	9.145900e-02	8.840701e-05	-1.60727e-03	1.372898e-02	
923	9.155900e-02	9.403173e-05	-1.60700e-03	1.352526e-02	
924	9.165900e-02	9.949245e-05	-1.60667e-03	1.331699e-02	

Index   time            v1#branch       v2#branch       v3#branch       
--------------------------------------------------------------------------------
925	9.175900e-02	1.049251e-04	-1.60637e-03	1.309015e-02	
926	9.185900e-02	1.101847e-04	-1.60601e-03	1.285899e-02	
927	9.195900e-02	1.154040e-04	-1.60567e-03	1.260991e-02	
928	9.205900e-02	1.204417e-04	-1.60528e-03	1.235680e-02	
929	9.215900e-02	1.254271e-04	-1.60490e-03	1.208643e-02	
930	9.225900e-02	1.302228e-04	-1.60448e-03	1.181239e-02	
931	9.235900e-02	1.349548e-04	-1.60408e-03	1.152179e-02	
932	9.245900e-02	1.394895e-04	-1.60363e-03	1.122791e-02	
933	9.255900e-02	1.439496e-04	-1.60319e-03	1.091822e-02	
934	9.265900e-02	1.482052e-04	-1.60271e-03	1.060567e-02	
935	9.275900e-02	1.523760e-04	-1.60225e-03	1.027808e-02	
936	9.285900e-02	1.563355e-04	-1.60175e-03	9.948114e-03	
937	9.295900e-02	1.602007e-04	-1.60126e-03	9.603921e-03	
938	9.305900e-02	1.638483e-04	-1.60073e-03	9.257847e-03	
939	9.315900e-02	1.673927e-04	-1.60022e-03	8.898387e-03	
940	9.325900e-02	1.707141e-04	-1.59967e-03	8.537588e-03	
941	9.335900e-02	1.739238e-04	-1.59914e-03	8.164266e-03	
942	9.345900e-02	1.769056e-04	-1.59856e-03	7.790179e-03	
943	9.355900e-02	1.797682e-04	-1.59801e-03	7.404455e-03	
944	9.365900e-02	1.823984e-04	-1.59742e-03	7.018568e-03	
945	9.375900e-02	1.849027e-04	-1.59685e-03	6.621952e-03	
946	9.385900e-02	1.871710e-04	-1.59623e-03	6.225800e-03	
947	9.395900e-02	1.893071e-04	-1.59565e-03	5.819844e-03	
948	9.405900e-02	1.912043e-04	-1.59502e-03	5.415002e-03	
949	9.415900e-02	1.929640e-04	-1.59441e-03	5.001295e-03	
950	9.425900e-02	1.944825e-04	-1.59376e-03	4.589371e-03	
951	9.435900e-02	1.958589e-04	-1.59314e-03	4.169534e-03	
952	9.445900e-02	1.969926e-04	-1.59248e-03	3.752166e-03	
953	9.455900e-02	1.979803e-04	-1.59183e-03	3.327847e-03	
954	9.465900e-02	1.987245e-04	-1.59114e-03	2.906699e-03	
955	9.475900e-02	1.993192e-04	-1.59047e-03	2.479607e-03	
956	9.485900e-02	1.996695e-04	-1.58980e-03	2.056518e-03	
957	9.495900e-02	1.998553e-04	-1.59248e-03	1.633104e-03	
958	9.505900e-02	1.998125e-04	-1.96603e-03	1.583766e-03	
959	9.515900e-02	1.996578e-04	-2.39244e-03	1.579050e-03	
960	9.525900e-02	1.991882e-04	-2.80654e-03	1.574797e-03	
961	9.535900e-02	1.986364e-04	-3.23096e-03	1.570573e-03	
962	9.545900e-02	1.977748e-04	-3.64236e-03	1.566517e-03	
963	9.555900e-02	1.968298e-04	-4.06293e-03	1.562429e-03	
964	9.565900e-02	1.955797e-04	-4.46989e-03	1.558470e-03	
965	9.575900e-02	1.942460e-04	-4.88496e-03	1.554471e-03	
966	9.585900e-02	1.926120e-04	-5.28583e-03	1.550594e-03	
967	9.595900e-02	1.908953e-04	-5.69376e-03	1.546679e-03	
968	9.605900e-02	1.888836e-04	-6.08692e-03	1.542887e-03	
969	9.615900e-02	1.867908e-04	-6.48612e-03	1.539060e-03	
970	9.625900e-02	1.844092e-04	-6.86998e-03	1.535359e-03	
971	9.635900e-02	1.819488e-04	-7.25890e-03	1.531631e-03	
972	9.645900e-02	1.792065e-04	-7.63192e-03	1.528033e-03	
973	9.655900e-02	1.763884e-04	-8.00905e-03	1.524413e-03	
974	9.665900e-02	1.732959e-04	-8.36973e-03	1.520929e-03	
975	9.675900e-02	1.701315e-04	-8.73359e-03	1.517431e-03	
976	9.685900e-02	1.667009e-04	-9.08049e-03	1.514073e-03	
977	9.695900e-02	1.632029e-04	-9.42967e-03	1.510709e-03	
978	9.705900e-02	1.594475e-04	-9.76140e-03	1.507490e-03	
979	9.715900e-02	1.556299e-04	-1.00945e-02	1.504273e-03	
980	9.725900e-02	1.515643e-04	-1.04098e-02	1.501207e-03	
981	9.735900e-02	1.474423e-04	-1.07256e-02	1.498150e-03	
982	9.745900e-02	1.430824e-04	-1.10230e-02	1.495248e-03	

Index   time            v1#branch       v2#branch       v3#branch       
--------------------------------------------------------------------------------
983	9.755900e-02	1.386726e-04	-1.13203e-02	1.492363e-03	
984	9.765900e-02	1.340352e-04	-1.15988e-02	1.489639e-03	
985	9.775900e-02	1.293552e-04	-1.18763e-02	1.486939e-03	
986	9.785900e-02	1.244586e-04	-1.21347e-02	1.484404e-03	
987	9.795900e-02	1.195270e-04	-1.23915e-02	1.481899e-03	
988	9.805900e-02	1.143903e-04	-1.26288e-02	1.479565e-03	
989	9.815900e-02	1.092268e-04	-1.28638e-02	1.477267e-03	
990	9.825900e-02	1.038700e-04	-1.30790e-02	1.475144e-03	
991	9.835900e-02	9.849510e-05	-1.32913e-02	1.473063e-03	
992	9.845900e-02	9.293922e-05	-1.34836e-02	1.471161e-03	
993	9.855900e-02	8.737439e-05	-1.36724e-02	1.469306e-03	
994	9.865900e-02	8.164117e-05	-1.38410e-02	1.467634e-03	
995	9.875900e-02	7.590852e-05	-1.40056e-02	1.466014e-03	
996	9.885900e-02	7.002040e-05	-1.41498e-02	1.464579e-03	
997	9.895900e-02	6.414273e-05	-1.42895e-02	1.463202e-03	
998	9.905900e-02	5.812278e-05	-1.44087e-02	1.462012e-03	
999	9.915900e-02	5.212346e-05	-1.45230e-02	1.460883e-03	
1000	9.925900e-02	4.599527e-05	-1.46168e-02	1.459943e-03	
1001	9.935900e-02	3.989814e-05	-1.47053e-02	1.459069e-03	
1002	9.945900e-02	3.368573e-05	-1.47732e-02	1.458383e-03	
1003	9.955900e-02	2.751502e-05	-1.48355e-02	1.457767e-03	
1004	9.965900e-02	2.124273e-05	-1.48773e-02	1.457340e-03	
1005	9.975900e-02	1.502296e-05	-1.49132e-02	1.456984e-03	
1006	9.985900e-02	8.715397e-06	-1.49287e-02	1.456818e-03	
1007	9.995900e-02	2.471265e-06	-1.49381e-02	1.456724e-03	
1008	1.000000e-01	-1.40258e-07	-1.49332e-02	1.456764e-03	
