         * /home/fossee/updatedexamples/bjt_ce_config/bjt_ce_config.cir
         DC transfer characteristic  Thu Mar  3 18:34:30  2016
--------------------------------------------------------------------------------
Index   i-sweep         ib              net-_q1-pad1_   net-_q1-pad2_   
--------------------------------------------------------------------------------
0	0.000000e+00	2.558284e-13	1.385830e-22	2.558284e-13	
1	5.000000e-02	2.001317e-02	5.000000e-02	2.001317e-02	
2	1.000000e-01	3.685629e-02	1.000000e-01	3.685629e-02	
3	1.500000e-01	5.089521e-02	1.500000e-01	5.089521e-02	
4	2.000000e-01	6.259375e-02	2.000000e-01	6.259375e-02	
5	2.500000e-01	7.230384e-02	2.500000e-01	7.230384e-02	
6	3.000000e-01	8.048985e-02	3.000000e-01	8.048985e-02	
7	3.500000e-01	8.749293e-02	3.500000e-01	8.749293e-02	
8	4.000000e-01	9.356512e-02	4.000000e-01	9.356512e-02	
9	4.500000e-01	9.889664e-02	4.500000e-01	9.889664e-02	
10	5.000000e-01	1.036302e-01	5.000000e-01	1.036302e-01	
11	5.500000e-01	1.078749e-01	5.500000e-01	1.078749e-01	
12	6.000000e-01	1.117144e-01	6.000000e-01	1.117144e-01	
13	6.500000e-01	1.152138e-01	6.500000e-01	1.152138e-01	
14	7.000000e-01	1.184245e-01	7.000000e-01	1.184245e-01	
15	7.500000e-01	1.213877e-01	7.500000e-01	1.213877e-01	
16	8.000000e-01	1.241369e-01	8.000000e-01	1.241369e-01	
17	8.500000e-01	1.266991e-01	8.500000e-01	1.266991e-01	
18	9.000000e-01	1.290971e-01	9.000000e-01	1.290971e-01	
19	9.500000e-01	1.313497e-01	9.500000e-01	1.313497e-01	
20	1.000000e+00	1.334727e-01	1.000000e+00	1.334727e-01	
21	1.050000e+00	1.354797e-01	1.050000e+00	1.354797e-01	
22	1.100000e+00	1.373822e-01	1.100000e+00	1.373822e-01	
23	1.150000e+00	1.391901e-01	1.150000e+00	1.391901e-01	
24	1.200000e+00	1.409122e-01	1.200000e+00	1.409122e-01	
25	1.250000e+00	1.425559e-01	1.250000e+00	1.425559e-01	
26	1.300000e+00	1.441278e-01	1.300000e+00	1.441278e-01	
27	1.350000e+00	1.456336e-01	1.350000e+00	1.456336e-01	
28	1.400000e+00	1.470788e-01	1.400000e+00	1.470788e-01	
29	1.450000e+00	1.484676e-01	1.450000e+00	1.484676e-01	
30	1.500000e+00	1.498044e-01	1.500000e+00	1.498044e-01	
31	1.550000e+00	1.510927e-01	1.550000e+00	1.510927e-01	
32	1.600000e+00	1.523358e-01	1.600000e+00	1.523358e-01	
33	1.650000e+00	1.535367e-01	1.650000e+00	1.535367e-01	
34	1.700000e+00	1.546982e-01	1.700000e+00	1.546982e-01	
35	1.750000e+00	1.558227e-01	1.750000e+00	1.558227e-01	
36	1.800000e+00	1.569124e-01	1.800000e+00	1.569124e-01	
37	1.850000e+00	1.579693e-01	1.850000e+00	1.579693e-01	
38	1.900000e+00	1.589954e-01	1.900000e+00	1.589954e-01	
39	1.950000e+00	1.599923e-01	1.950000e+00	1.599923e-01	
40	2.000000e+00	1.609616e-01	2.000000e+00	1.609616e-01	
41	2.050000e+00	1.619048e-01	2.050000e+00	1.619048e-01	
42	2.100000e+00	1.628232e-01	2.100000e+00	1.628232e-01	
43	2.150000e+00	1.637181e-01	2.150000e+00	1.637181e-01	
44	2.200000e+00	1.645906e-01	2.200000e+00	1.645906e-01	
45	2.250000e+00	1.654418e-01	2.250000e+00	1.654418e-01	
46	2.300000e+00	1.662727e-01	2.300000e+00	1.662727e-01	
47	2.350000e+00	1.670842e-01	2.350000e+00	1.670842e-01	
48	2.400000e+00	1.678772e-01	2.400000e+00	1.678772e-01	
49	2.450000e+00	1.686525e-01	2.450000e+00	1.686525e-01	
50	2.500000e+00	1.694109e-01	2.500000e+00	1.694109e-01	
51	2.550000e+00	1.701530e-01	2.550000e+00	1.701530e-01	
52	2.600000e+00	1.708796e-01	2.600000e+00	1.708796e-01	
53	2.650000e+00	1.715913e-01	2.650000e+00	1.715913e-01	
54	2.700000e+00	1.722886e-01	2.700000e+00	1.722886e-01	

Index   i-sweep         ib              net-_q1-pad1_   net-_q1-pad2_   
--------------------------------------------------------------------------------
55	2.750000e+00	1.729721e-01	2.750000e+00	1.729721e-01	
56	2.800000e+00	1.736424e-01	2.800000e+00	1.736424e-01	
57	2.850000e+00	1.743000e-01	2.850000e+00	1.743000e-01	
58	2.900000e+00	1.749453e-01	2.900000e+00	1.749453e-01	
59	2.950000e+00	1.755787e-01	2.950000e+00	1.755787e-01	
60	3.000000e+00	1.762007e-01	3.000000e+00	1.762007e-01	
61	3.050000e+00	1.768117e-01	3.050000e+00	1.768117e-01	
62	3.100000e+00	1.774120e-01	3.100000e+00	1.774120e-01	
63	3.150000e+00	1.780021e-01	3.150000e+00	1.780021e-01	
64	3.200000e+00	1.785822e-01	3.200000e+00	1.785822e-01	
65	3.250000e+00	1.791527e-01	3.250000e+00	1.791527e-01	
66	3.300000e+00	1.797139e-01	3.300000e+00	1.797139e-01	
67	3.350000e+00	1.802661e-01	3.350000e+00	1.802661e-01	
68	3.400000e+00	1.808096e-01	3.400000e+00	1.808096e-01	
69	3.450000e+00	1.813446e-01	3.450000e+00	1.813446e-01	
70	3.500000e+00	1.818714e-01	3.500000e+00	1.818714e-01	
71	3.550000e+00	1.823903e-01	3.550000e+00	1.823903e-01	
72	3.600000e+00	1.829014e-01	3.600000e+00	1.829014e-01	
73	3.650000e+00	1.834051e-01	3.650000e+00	1.834051e-01	
74	3.700000e+00	1.839014e-01	3.700000e+00	1.839014e-01	
75	3.750000e+00	1.843907e-01	3.750000e+00	1.843907e-01	
76	3.800000e+00	1.848731e-01	3.800000e+00	1.848731e-01	
77	3.850000e+00	1.853488e-01	3.850000e+00	1.853488e-01	
78	3.900000e+00	1.858179e-01	3.900000e+00	1.858179e-01	
79	3.950000e+00	1.862808e-01	3.950000e+00	1.862808e-01	
80	4.000000e+00	1.867375e-01	4.000000e+00	1.867375e-01	
81	4.050000e+00	1.871881e-01	4.050000e+00	1.871881e-01	
82	4.100000e+00	1.876329e-01	4.100000e+00	1.876329e-01	
83	4.150000e+00	1.880720e-01	4.150000e+00	1.880720e-01	
84	4.200000e+00	1.885056e-01	4.200000e+00	1.885056e-01	
85	4.250000e+00	1.889337e-01	4.250000e+00	1.889337e-01	
86	4.300000e+00	1.893565e-01	4.300000e+00	1.893565e-01	
87	4.350000e+00	1.897742e-01	4.350000e+00	1.897742e-01	
88	4.400000e+00	1.901868e-01	4.400000e+00	1.901868e-01	
89	4.450000e+00	1.905945e-01	4.450000e+00	1.905945e-01	
90	4.500000e+00	1.909974e-01	4.500000e+00	1.909974e-01	
91	4.550000e+00	1.913955e-01	4.550000e+00	1.913955e-01	
92	4.600000e+00	1.917892e-01	4.600000e+00	1.917892e-01	
93	4.650000e+00	1.921783e-01	4.650000e+00	1.921783e-01	
94	4.700000e+00	1.925630e-01	4.700000e+00	1.925630e-01	
95	4.750000e+00	1.929434e-01	4.750000e+00	1.929434e-01	
96	4.800000e+00	1.933197e-01	4.800000e+00	1.933197e-01	
97	4.850000e+00	1.936918e-01	4.850000e+00	1.936918e-01	
98	4.900000e+00	1.940600e-01	4.900000e+00	1.940600e-01	
99	4.950000e+00	1.944242e-01	4.950000e+00	1.944242e-01	
100	5.000000e+00	1.947845e-01	5.000000e+00	1.947845e-01	
101	0.000000e+00	-4.99997e+08	-4.99997e-01	-4.99997e+08	
102	5.000000e-02	-4.99997e+08	-4.49997e-01	-4.99997e+08	
103	1.000000e-01	-4.99997e+08	-3.99997e-01	-4.99997e+08	
104	1.500000e-01	-4.99997e+08	-3.49997e-01	-4.99997e+08	
105	2.000000e-01	-4.99997e+08	-2.99997e-01	-4.99997e+08	
106	2.500000e-01	-4.99997e+08	-2.49997e-01	-4.99997e+08	
107	3.000000e-01	-4.99997e+08	-1.99997e-01	-4.99997e+08	
108	3.500000e-01	-4.99997e+08	-1.49997e-01	-4.99997e+08	
109	4.000000e-01	-4.99997e+08	-9.99972e-02	-4.99997e+08	
110	4.500000e-01	-4.99997e+08	-4.99972e-02	-4.99997e+08	
111	5.000000e-01	-4.99997e+08	2.816919e-06	-4.99997e+08	
112	5.500000e-01	-4.99997e+08	5.000282e-02	-4.99997e+08	

Index   i-sweep         ib              net-_q1-pad1_   net-_q1-pad2_   
--------------------------------------------------------------------------------
113	6.000000e-01	-4.99997e+08	1.000028e-01	-4.99997e+08	
114	6.500000e-01	-4.99997e+08	1.500028e-01	-4.99997e+08	
115	7.000000e-01	-4.99997e+08	2.000028e-01	-4.99997e+08	
116	7.500000e-01	-4.99997e+08	2.500028e-01	-4.99997e+08	
117	8.000000e-01	-4.99997e+08	3.000028e-01	-4.99997e+08	
118	8.500000e-01	-4.99997e+08	3.500028e-01	-4.99997e+08	
119	9.000000e-01	-4.99997e+08	4.000028e-01	-4.99997e+08	
120	9.500000e-01	-4.99997e+08	4.500028e-01	-4.99997e+08	
121	1.000000e+00	-4.99997e+08	5.000028e-01	-4.99997e+08	
122	1.050000e+00	-4.99997e+08	5.500028e-01	-4.99997e+08	
123	1.100000e+00	-4.99997e+08	6.000028e-01	-4.99997e+08	
124	1.150000e+00	-4.99997e+08	6.500028e-01	-4.99997e+08	
125	1.200000e+00	-4.99997e+08	7.000028e-01	-4.99997e+08	
126	1.250000e+00	-4.99997e+08	7.500028e-01	-4.99997e+08	
127	1.300000e+00	-4.99997e+08	8.000028e-01	-4.99997e+08	
128	1.350000e+00	-4.99997e+08	8.500028e-01	-4.99997e+08	
129	1.400000e+00	-4.99997e+08	9.000028e-01	-4.99997e+08	
130	1.450000e+00	-4.99997e+08	9.500028e-01	-4.99997e+08	
131	1.500000e+00	-4.99997e+08	1.000003e+00	-4.99997e+08	
132	1.550000e+00	-4.99997e+08	1.050003e+00	-4.99997e+08	
133	1.600000e+00	-4.99997e+08	1.100003e+00	-4.99997e+08	
134	1.650000e+00	-4.99997e+08	1.150003e+00	-4.99997e+08	
135	1.700000e+00	-4.99997e+08	1.200003e+00	-4.99997e+08	
136	1.750000e+00	-4.99997e+08	1.250003e+00	-4.99997e+08	
137	1.800000e+00	-4.99997e+08	1.300003e+00	-4.99997e+08	
138	1.850000e+00	-4.99997e+08	1.350003e+00	-4.99997e+08	
139	1.900000e+00	-4.99997e+08	1.400003e+00	-4.99997e+08	
140	1.950000e+00	-4.99997e+08	1.450003e+00	-4.99997e+08	
141	2.000000e+00	-4.99997e+08	1.500003e+00	-4.99997e+08	
142	2.050000e+00	-4.99997e+08	1.550003e+00	-4.99997e+08	
143	2.100000e+00	-4.99997e+08	1.600003e+00	-4.99997e+08	
144	2.150000e+00	-4.99997e+08	1.650003e+00	-4.99997e+08	
145	2.200000e+00	-4.99997e+08	1.700003e+00	-4.99997e+08	
146	2.250000e+00	-4.99997e+08	1.750003e+00	-4.99997e+08	
147	2.300000e+00	-4.99997e+08	1.800003e+00	-4.99997e+08	
148	2.350000e+00	-4.99997e+08	1.850003e+00	-4.99997e+08	
149	2.400000e+00	-4.99997e+08	1.900003e+00	-4.99997e+08	
150	2.450000e+00	-4.99997e+08	1.950003e+00	-4.99997e+08	
151	2.500000e+00	-4.99997e+08	2.000003e+00	-4.99997e+08	
152	2.550000e+00	-4.99997e+08	2.050003e+00	-4.99997e+08	
153	2.600000e+00	-4.99997e+08	2.100003e+00	-4.99997e+08	
154	2.650000e+00	-4.99997e+08	2.150003e+00	-4.99997e+08	
155	2.700000e+00	-4.99997e+08	2.200003e+00	-4.99997e+08	
156	2.750000e+00	-4.99997e+08	2.250003e+00	-4.99997e+08	
157	2.800000e+00	-4.99997e+08	2.300003e+00	-4.99997e+08	
158	2.850000e+00	-4.99997e+08	2.350003e+00	-4.99997e+08	
159	2.900000e+00	-4.99997e+08	2.400003e+00	-4.99997e+08	
160	2.950000e+00	-4.99997e+08	2.450003e+00	-4.99997e+08	
161	3.000000e+00	-4.99997e+08	2.500003e+00	-4.99997e+08	
162	3.050000e+00	-4.99997e+08	2.550003e+00	-4.99997e+08	
163	3.100000e+00	-4.99997e+08	2.600003e+00	-4.99997e+08	
164	3.150000e+00	-4.99997e+08	2.650003e+00	-4.99997e+08	
165	3.200000e+00	-4.99997e+08	2.700003e+00	-4.99997e+08	
166	3.250000e+00	-4.99997e+08	2.750003e+00	-4.99997e+08	
167	3.300000e+00	-4.99997e+08	2.800003e+00	-4.99997e+08	
168	3.350000e+00	-4.99997e+08	2.850003e+00	-4.99997e+08	
169	3.400000e+00	-4.99997e+08	2.900003e+00	-4.99997e+08	
170	3.450000e+00	-4.99997e+08	2.950003e+00	-4.99997e+08	

Index   i-sweep         ib              net-_q1-pad1_   net-_q1-pad2_   
--------------------------------------------------------------------------------
171	3.500000e+00	-4.99997e+08	3.000003e+00	-4.99997e+08	
172	3.550000e+00	-4.99997e+08	3.050003e+00	-4.99997e+08	
173	3.600000e+00	-4.99997e+08	3.100003e+00	-4.99997e+08	
174	3.650000e+00	-4.99997e+08	3.150003e+00	-4.99997e+08	
175	3.700000e+00	-4.99997e+08	3.200003e+00	-4.99997e+08	
176	3.750000e+00	-4.99997e+08	3.250003e+00	-4.99997e+08	
177	3.800000e+00	-4.99997e+08	3.300003e+00	-4.99997e+08	
178	3.850000e+00	-4.99997e+08	3.350003e+00	-4.99997e+08	
179	3.900000e+00	-4.99997e+08	3.400003e+00	-4.99997e+08	
180	3.950000e+00	-4.99997e+08	3.450003e+00	-4.99997e+08	
181	4.000000e+00	-4.99997e+08	3.500003e+00	-4.99997e+08	
182	4.050000e+00	-4.99997e+08	3.550003e+00	-4.99997e+08	
183	4.100000e+00	-4.99997e+08	3.600003e+00	-4.99997e+08	
184	4.150000e+00	-4.99997e+08	3.650003e+00	-4.99997e+08	
185	4.200000e+00	-4.99997e+08	3.700003e+00	-4.99997e+08	
186	4.250000e+00	-4.99997e+08	3.750003e+00	-4.99997e+08	
187	4.300000e+00	-4.99997e+08	3.800003e+00	-4.99997e+08	
188	4.350000e+00	-4.99997e+08	3.850003e+00	-4.99997e+08	
189	4.400000e+00	-4.99997e+08	3.900003e+00	-4.99997e+08	
190	4.450000e+00	-4.99997e+08	3.950003e+00	-4.99997e+08	
191	4.500000e+00	-4.99997e+08	4.000003e+00	-4.99997e+08	
192	4.550000e+00	-4.99997e+08	4.050003e+00	-4.99997e+08	
193	4.600000e+00	-4.99997e+08	4.100003e+00	-4.99997e+08	
194	4.650000e+00	-4.99997e+08	4.150003e+00	-4.99997e+08	
195	4.700000e+00	-4.99997e+08	4.200003e+00	-4.99997e+08	
196	4.750000e+00	-4.99997e+08	4.250003e+00	-4.99997e+08	
197	4.800000e+00	-4.99997e+08	4.300003e+00	-4.99997e+08	
198	4.850000e+00	-4.99997e+08	4.350003e+00	-4.99997e+08	
199	4.900000e+00	-4.99997e+08	4.400003e+00	-4.99997e+08	
200	4.950000e+00	-4.99997e+08	4.450003e+00	-4.99997e+08	
201	5.000000e+00	-4.99997e+08	4.500003e+00	-4.99997e+08	
202	0.000000e+00	-9.99994e+08	-9.99994e-01	-9.99994e+08	
203	5.000000e-02	-9.99994e+08	-9.49994e-01	-9.99994e+08	
204	1.000000e-01	-9.99994e+08	-8.99994e-01	-9.99994e+08	
205	1.500000e-01	-9.99994e+08	-8.49994e-01	-9.99994e+08	
206	2.000000e-01	-9.99994e+08	-7.99994e-01	-9.99994e+08	
207	2.500000e-01	-9.99994e+08	-7.49994e-01	-9.99994e+08	
208	3.000000e-01	-9.99994e+08	-6.99994e-01	-9.99994e+08	
209	3.500000e-01	-9.99994e+08	-6.49994e-01	-9.99994e+08	
210	4.000000e-01	-9.99994e+08	-5.99994e-01	-9.99994e+08	
211	4.500000e-01	-9.99994e+08	-5.49994e-01	-9.99994e+08	
212	5.000000e-01	-9.99994e+08	-4.99994e-01	-9.99994e+08	
213	5.500000e-01	-9.99994e+08	-4.49994e-01	-9.99994e+08	
214	6.000000e-01	-9.99994e+08	-3.99994e-01	-9.99994e+08	
215	6.500000e-01	-9.99994e+08	-3.49994e-01	-9.99994e+08	
216	7.000000e-01	-9.99994e+08	-2.99994e-01	-9.99994e+08	
217	7.500000e-01	-9.99994e+08	-2.49994e-01	-9.99994e+08	
218	8.000000e-01	-9.99994e+08	-1.99994e-01	-9.99994e+08	
219	8.500000e-01	-9.99994e+08	-1.49994e-01	-9.99994e+08	
220	9.000000e-01	-9.99994e+08	-9.99944e-02	-9.99994e+08	
221	9.500000e-01	-9.99994e+08	-4.99944e-02	-9.99994e+08	
222	1.000000e+00	-9.99994e+08	5.633831e-06	-9.99994e+08	
223	1.050000e+00	-9.99994e+08	5.000563e-02	-9.99994e+08	
224	1.100000e+00	-9.99994e+08	1.000056e-01	-9.99994e+08	
225	1.150000e+00	-9.99994e+08	1.500056e-01	-9.99994e+08	
226	1.200000e+00	-9.99994e+08	2.000056e-01	-9.99994e+08	
227	1.250000e+00	-9.99994e+08	2.500056e-01	-9.99994e+08	
228	1.300000e+00	-9.99994e+08	3.000056e-01	-9.99994e+08	

Index   i-sweep         ib              net-_q1-pad1_   net-_q1-pad2_   
--------------------------------------------------------------------------------
229	1.350000e+00	-9.99994e+08	3.500056e-01	-9.99994e+08	
230	1.400000e+00	-9.99994e+08	4.000056e-01	-9.99994e+08	
231	1.450000e+00	-9.99994e+08	4.500056e-01	-9.99994e+08	
232	1.500000e+00	-9.99994e+08	5.000056e-01	-9.99994e+08	
233	1.550000e+00	-9.99994e+08	5.500056e-01	-9.99994e+08	
234	1.600000e+00	-9.99994e+08	6.000056e-01	-9.99994e+08	
235	1.650000e+00	-9.99994e+08	6.500056e-01	-9.99994e+08	
236	1.700000e+00	-9.99994e+08	7.000056e-01	-9.99994e+08	
237	1.750000e+00	-9.99994e+08	7.500056e-01	-9.99994e+08	
238	1.800000e+00	-9.99994e+08	8.000056e-01	-9.99994e+08	
239	1.850000e+00	-9.99994e+08	8.500056e-01	-9.99994e+08	
240	1.900000e+00	-9.99994e+08	9.000056e-01	-9.99994e+08	
241	1.950000e+00	-9.99994e+08	9.500056e-01	-9.99994e+08	
242	2.000000e+00	-9.99994e+08	1.000006e+00	-9.99994e+08	
243	2.050000e+00	-9.99994e+08	1.050006e+00	-9.99994e+08	
244	2.100000e+00	-9.99994e+08	1.100006e+00	-9.99994e+08	
245	2.150000e+00	-9.99994e+08	1.150006e+00	-9.99994e+08	
246	2.200000e+00	-9.99994e+08	1.200006e+00	-9.99994e+08	
247	2.250000e+00	-9.99994e+08	1.250006e+00	-9.99994e+08	
248	2.300000e+00	-9.99994e+08	1.300006e+00	-9.99994e+08	
249	2.350000e+00	-9.99994e+08	1.350006e+00	-9.99994e+08	
250	2.400000e+00	-9.99994e+08	1.400006e+00	-9.99994e+08	
251	2.450000e+00	-9.99994e+08	1.450006e+00	-9.99994e+08	
252	2.500000e+00	-9.99994e+08	1.500006e+00	-9.99994e+08	
253	2.550000e+00	-9.99994e+08	1.550006e+00	-9.99994e+08	
254	2.600000e+00	-9.99994e+08	1.600006e+00	-9.99994e+08	
255	2.650000e+00	-9.99994e+08	1.650006e+00	-9.99994e+08	
256	2.700000e+00	-9.99994e+08	1.700006e+00	-9.99994e+08	
257	2.750000e+00	-9.99994e+08	1.750006e+00	-9.99994e+08	
258	2.800000e+00	-9.99994e+08	1.800006e+00	-9.99994e+08	
259	2.850000e+00	-9.99994e+08	1.850006e+00	-9.99994e+08	
260	2.900000e+00	-9.99994e+08	1.900006e+00	-9.99994e+08	
261	2.950000e+00	-9.99994e+08	1.950006e+00	-9.99994e+08	
262	3.000000e+00	-9.99994e+08	2.000006e+00	-9.99994e+08	
263	3.050000e+00	-9.99994e+08	2.050006e+00	-9.99994e+08	
264	3.100000e+00	-9.99994e+08	2.100006e+00	-9.99994e+08	
265	3.150000e+00	-9.99994e+08	2.150006e+00	-9.99994e+08	
266	3.200000e+00	-9.99994e+08	2.200006e+00	-9.99994e+08	
267	3.250000e+00	-9.99994e+08	2.250006e+00	-9.99994e+08	
268	3.300000e+00	-9.99994e+08	2.300006e+00	-9.99994e+08	
269	3.350000e+00	-9.99994e+08	2.350006e+00	-9.99994e+08	
270	3.400000e+00	-9.99994e+08	2.400006e+00	-9.99994e+08	
271	3.450000e+00	-9.99994e+08	2.450006e+00	-9.99994e+08	
272	3.500000e+00	-9.99994e+08	2.500006e+00	-9.99994e+08	
273	3.550000e+00	-9.99994e+08	2.550006e+00	-9.99994e+08	
274	3.600000e+00	-9.99994e+08	2.600006e+00	-9.99994e+08	
275	3.650000e+00	-9.99994e+08	2.650006e+00	-9.99994e+08	
276	3.700000e+00	-9.99994e+08	2.700006e+00	-9.99994e+08	
277	3.750000e+00	-9.99994e+08	2.750006e+00	-9.99994e+08	
278	3.800000e+00	-9.99994e+08	2.800006e+00	-9.99994e+08	
279	3.850000e+00	-9.99994e+08	2.850006e+00	-9.99994e+08	
280	3.900000e+00	-9.99994e+08	2.900006e+00	-9.99994e+08	
281	3.950000e+00	-9.99994e+08	2.950006e+00	-9.99994e+08	
282	4.000000e+00	-9.99994e+08	3.000006e+00	-9.99994e+08	
283	4.050000e+00	-9.99994e+08	3.050006e+00	-9.99994e+08	
284	4.100000e+00	-9.99994e+08	3.100006e+00	-9.99994e+08	
285	4.150000e+00	-9.99994e+08	3.150006e+00	-9.99994e+08	
286	4.200000e+00	-9.99994e+08	3.200006e+00	-9.99994e+08	

Index   i-sweep         ib              net-_q1-pad1_   net-_q1-pad2_   
--------------------------------------------------------------------------------
287	4.250000e+00	-9.99994e+08	3.250006e+00	-9.99994e+08	
288	4.300000e+00	-9.99994e+08	3.300006e+00	-9.99994e+08	
289	4.350000e+00	-9.99994e+08	3.350006e+00	-9.99994e+08	
290	4.400000e+00	-9.99994e+08	3.400006e+00	-9.99994e+08	
291	4.450000e+00	-9.99994e+08	3.450006e+00	-9.99994e+08	
292	4.500000e+00	-9.99994e+08	3.500006e+00	-9.99994e+08	
293	4.550000e+00	-9.99994e+08	3.550006e+00	-9.99994e+08	
294	4.600000e+00	-9.99994e+08	3.600006e+00	-9.99994e+08	
295	4.650000e+00	-9.99994e+08	3.650006e+00	-9.99994e+08	
296	4.700000e+00	-9.99994e+08	3.700006e+00	-9.99994e+08	
297	4.750000e+00	-9.99994e+08	3.750006e+00	-9.99994e+08	
298	4.800000e+00	-9.99994e+08	3.800006e+00	-9.99994e+08	
299	4.850000e+00	-9.99994e+08	3.850006e+00	-9.99994e+08	
300	4.900000e+00	-9.99994e+08	3.900006e+00	-9.99994e+08	
301	4.950000e+00	-9.99994e+08	3.950006e+00	-9.99994e+08	
302	5.000000e+00	-9.99994e+08	4.000006e+00	-9.99994e+08	
303	0.000000e+00	-1.49999e+09	-1.49999e+00	-1.49999e+09	
304	5.000000e-02	-1.49999e+09	-1.44999e+00	-1.49999e+09	
305	1.000000e-01	-1.49999e+09	-1.39999e+00	-1.49999e+09	
306	1.500000e-01	-1.49999e+09	-1.34999e+00	-1.49999e+09	
307	2.000000e-01	-1.49999e+09	-1.29999e+00	-1.49999e+09	
308	2.500000e-01	-1.49999e+09	-1.24999e+00	-1.49999e+09	
309	3.000000e-01	-1.49999e+09	-1.19999e+00	-1.49999e+09	
310	3.500000e-01	-1.49999e+09	-1.14999e+00	-1.49999e+09	
311	4.000000e-01	-1.49999e+09	-1.09999e+00	-1.49999e+09	
312	4.500000e-01	-1.49999e+09	-1.04999e+00	-1.49999e+09	
313	5.000000e-01	-1.49999e+09	-9.99992e-01	-1.49999e+09	
314	5.500000e-01	-1.49999e+09	-9.49992e-01	-1.49999e+09	
315	6.000000e-01	-1.49999e+09	-8.99992e-01	-1.49999e+09	
316	6.500000e-01	-1.49999e+09	-8.49992e-01	-1.49999e+09	
317	7.000000e-01	-1.49999e+09	-7.99992e-01	-1.49999e+09	
318	7.500000e-01	-1.49999e+09	-7.49992e-01	-1.49999e+09	
319	8.000000e-01	-1.49999e+09	-6.99992e-01	-1.49999e+09	
320	8.500000e-01	-1.49999e+09	-6.49992e-01	-1.49999e+09	
321	9.000000e-01	-1.49999e+09	-5.99992e-01	-1.49999e+09	
322	9.500000e-01	-1.49999e+09	-5.49992e-01	-1.49999e+09	
323	1.000000e+00	-1.49999e+09	-4.99992e-01	-1.49999e+09	
324	1.050000e+00	-1.49999e+09	-4.49992e-01	-1.49999e+09	
325	1.100000e+00	-1.49999e+09	-3.99992e-01	-1.49999e+09	
326	1.150000e+00	-1.49999e+09	-3.49992e-01	-1.49999e+09	
327	1.200000e+00	-1.49999e+09	-2.99992e-01	-1.49999e+09	
328	1.250000e+00	-1.49999e+09	-2.49992e-01	-1.49999e+09	
329	1.300000e+00	-1.49999e+09	-1.99992e-01	-1.49999e+09	
330	1.350000e+00	-1.49999e+09	-1.49992e-01	-1.49999e+09	
331	1.400000e+00	-1.49999e+09	-9.99915e-02	-1.49999e+09	
332	1.450000e+00	-1.49999e+09	-4.99915e-02	-1.49999e+09	
333	1.500000e+00	-1.49999e+09	8.450744e-06	-1.49999e+09	
334	1.550000e+00	-1.49999e+09	5.000845e-02	-1.49999e+09	
335	1.600000e+00	-1.49999e+09	1.000085e-01	-1.49999e+09	
336	1.650000e+00	-1.49999e+09	1.500085e-01	-1.49999e+09	
337	1.700000e+00	-1.49999e+09	2.000085e-01	-1.49999e+09	
338	1.750000e+00	-1.49999e+09	2.500085e-01	-1.49999e+09	
339	1.800000e+00	-1.49999e+09	3.000085e-01	-1.49999e+09	
340	1.850000e+00	-1.49999e+09	3.500085e-01	-1.49999e+09	
341	1.900000e+00	-1.49999e+09	4.000085e-01	-1.49999e+09	
342	1.950000e+00	-1.49999e+09	4.500085e-01	-1.49999e+09	
343	2.000000e+00	-1.49999e+09	5.000084e-01	-1.49999e+09	
344	2.050000e+00	-1.49999e+09	5.500084e-01	-1.49999e+09	

Index   i-sweep         ib              net-_q1-pad1_   net-_q1-pad2_   
--------------------------------------------------------------------------------
345	2.100000e+00	-1.49999e+09	6.000084e-01	-1.49999e+09	
346	2.150000e+00	-1.49999e+09	6.500084e-01	-1.49999e+09	
347	2.200000e+00	-1.49999e+09	7.000084e-01	-1.49999e+09	
348	2.250000e+00	-1.49999e+09	7.500084e-01	-1.49999e+09	
349	2.300000e+00	-1.49999e+09	8.000084e-01	-1.49999e+09	
350	2.350000e+00	-1.49999e+09	8.500084e-01	-1.49999e+09	
351	2.400000e+00	-1.49999e+09	9.000084e-01	-1.49999e+09	
352	2.450000e+00	-1.49999e+09	9.500084e-01	-1.49999e+09	
353	2.500000e+00	-1.49999e+09	1.000008e+00	-1.49999e+09	
354	2.550000e+00	-1.49999e+09	1.050008e+00	-1.49999e+09	
355	2.600000e+00	-1.49999e+09	1.100008e+00	-1.49999e+09	
356	2.650000e+00	-1.49999e+09	1.150008e+00	-1.49999e+09	
357	2.700000e+00	-1.49999e+09	1.200008e+00	-1.49999e+09	
358	2.750000e+00	-1.49999e+09	1.250008e+00	-1.49999e+09	
359	2.800000e+00	-1.49999e+09	1.300008e+00	-1.49999e+09	
360	2.850000e+00	-1.49999e+09	1.350008e+00	-1.49999e+09	
361	2.900000e+00	-1.49999e+09	1.400008e+00	-1.49999e+09	
362	2.950000e+00	-1.49999e+09	1.450008e+00	-1.49999e+09	
363	3.000000e+00	-1.49999e+09	1.500008e+00	-1.49999e+09	
364	3.050000e+00	-1.49999e+09	1.550008e+00	-1.49999e+09	
365	3.100000e+00	-1.49999e+09	1.600008e+00	-1.49999e+09	
366	3.150000e+00	-1.49999e+09	1.650008e+00	-1.49999e+09	
367	3.200000e+00	-1.49999e+09	1.700008e+00	-1.49999e+09	
368	3.250000e+00	-1.49999e+09	1.750008e+00	-1.49999e+09	
369	3.300000e+00	-1.49999e+09	1.800008e+00	-1.49999e+09	
370	3.350000e+00	-1.49999e+09	1.850008e+00	-1.49999e+09	
371	3.400000e+00	-1.49999e+09	1.900008e+00	-1.49999e+09	
372	3.450000e+00	-1.49999e+09	1.950008e+00	-1.49999e+09	
373	3.500000e+00	-1.49999e+09	2.000008e+00	-1.49999e+09	
374	3.550000e+00	-1.49999e+09	2.050008e+00	-1.49999e+09	
375	3.600000e+00	-1.49999e+09	2.100008e+00	-1.49999e+09	
376	3.650000e+00	-1.49999e+09	2.150008e+00	-1.49999e+09	
377	3.700000e+00	-1.49999e+09	2.200008e+00	-1.49999e+09	
378	3.750000e+00	-1.49999e+09	2.250008e+00	-1.49999e+09	
379	3.800000e+00	-1.49999e+09	2.300008e+00	-1.49999e+09	
380	3.850000e+00	-1.49999e+09	2.350008e+00	-1.49999e+09	
381	3.900000e+00	-1.49999e+09	2.400008e+00	-1.49999e+09	
382	3.950000e+00	-1.49999e+09	2.450008e+00	-1.49999e+09	
383	4.000000e+00	-1.49999e+09	2.500008e+00	-1.49999e+09	
384	4.050000e+00	-1.49999e+09	2.550008e+00	-1.49999e+09	
385	4.100000e+00	-1.49999e+09	2.600008e+00	-1.49999e+09	
386	4.150000e+00	-1.49999e+09	2.650008e+00	-1.49999e+09	
387	4.200000e+00	-1.49999e+09	2.700008e+00	-1.49999e+09	
388	4.250000e+00	-1.49999e+09	2.750008e+00	-1.49999e+09	
389	4.300000e+00	-1.49999e+09	2.800008e+00	-1.49999e+09	
390	4.350000e+00	-1.49999e+09	2.850008e+00	-1.49999e+09	
391	4.400000e+00	-1.49999e+09	2.900008e+00	-1.49999e+09	
392	4.450000e+00	-1.49999e+09	2.950008e+00	-1.49999e+09	
393	4.500000e+00	-1.49999e+09	3.000008e+00	-1.49999e+09	
394	4.550000e+00	-1.49999e+09	3.050008e+00	-1.49999e+09	
395	4.600000e+00	-1.49999e+09	3.100008e+00	-1.49999e+09	
396	4.650000e+00	-1.49999e+09	3.150008e+00	-1.49999e+09	
397	4.700000e+00	-1.49999e+09	3.200008e+00	-1.49999e+09	
398	4.750000e+00	-1.49999e+09	3.250008e+00	-1.49999e+09	
399	4.800000e+00	-1.49999e+09	3.300008e+00	-1.49999e+09	
400	4.850000e+00	-1.49999e+09	3.350008e+00	-1.49999e+09	
401	4.900000e+00	-1.49999e+09	3.400008e+00	-1.49999e+09	
402	4.950000e+00	-1.49999e+09	3.450008e+00	-1.49999e+09	

Index   i-sweep         ib              net-_q1-pad1_   net-_q1-pad2_   
--------------------------------------------------------------------------------
403	5.000000e+00	-1.49999e+09	3.500008e+00	-1.49999e+09	
404	0.000000e+00	-1.99999e+09	-1.99999e+00	-1.99999e+09	
405	5.000000e-02	-1.99999e+09	-1.94999e+00	-1.99999e+09	
406	1.000000e-01	-1.99999e+09	-1.89999e+00	-1.99999e+09	
407	1.500000e-01	-1.99999e+09	-1.84999e+00	-1.99999e+09	
408	2.000000e-01	-1.99999e+09	-1.79999e+00	-1.99999e+09	
409	2.500000e-01	-1.99999e+09	-1.74999e+00	-1.99999e+09	
410	3.000000e-01	-1.99999e+09	-1.69999e+00	-1.99999e+09	
411	3.500000e-01	-1.99999e+09	-1.64999e+00	-1.99999e+09	
412	4.000000e-01	-1.99999e+09	-1.59999e+00	-1.99999e+09	
413	4.500000e-01	-1.99999e+09	-1.54999e+00	-1.99999e+09	
414	5.000000e-01	-1.99999e+09	-1.49999e+00	-1.99999e+09	
415	5.500000e-01	-1.99999e+09	-1.44999e+00	-1.99999e+09	
416	6.000000e-01	-1.99999e+09	-1.39999e+00	-1.99999e+09	
417	6.500000e-01	-1.99999e+09	-1.34999e+00	-1.99999e+09	
418	7.000000e-01	-1.99999e+09	-1.29999e+00	-1.99999e+09	
419	7.500000e-01	-1.99999e+09	-1.24999e+00	-1.99999e+09	
420	8.000000e-01	-1.99999e+09	-1.19999e+00	-1.99999e+09	
421	8.500000e-01	-1.99999e+09	-1.14999e+00	-1.99999e+09	
422	9.000000e-01	-1.99999e+09	-1.09999e+00	-1.99999e+09	
423	9.500000e-01	-1.99999e+09	-1.04999e+00	-1.99999e+09	
424	1.000000e+00	-1.99999e+09	-9.99989e-01	-1.99999e+09	
425	1.050000e+00	-1.99999e+09	-9.49989e-01	-1.99999e+09	
426	1.100000e+00	-1.99999e+09	-8.99989e-01	-1.99999e+09	
427	1.150000e+00	-1.99999e+09	-8.49989e-01	-1.99999e+09	
428	1.200000e+00	-1.99999e+09	-7.99989e-01	-1.99999e+09	
429	1.250000e+00	-1.99999e+09	-7.49989e-01	-1.99999e+09	
430	1.300000e+00	-1.99999e+09	-6.99989e-01	-1.99999e+09	
431	1.350000e+00	-1.99999e+09	-6.49989e-01	-1.99999e+09	
432	1.400000e+00	-1.99999e+09	-5.99989e-01	-1.99999e+09	
433	1.450000e+00	-1.99999e+09	-5.49989e-01	-1.99999e+09	
434	1.500000e+00	-1.99999e+09	-4.99989e-01	-1.99999e+09	
435	1.550000e+00	-1.99999e+09	-4.49989e-01	-1.99999e+09	
436	1.600000e+00	-1.99999e+09	-3.99989e-01	-1.99999e+09	
437	1.650000e+00	-1.99999e+09	-3.49989e-01	-1.99999e+09	
438	1.700000e+00	-1.99999e+09	-2.99989e-01	-1.99999e+09	
439	1.750000e+00	-1.99999e+09	-2.49989e-01	-1.99999e+09	
440	1.800000e+00	-1.99999e+09	-1.99989e-01	-1.99999e+09	
441	1.850000e+00	-1.99999e+09	-1.49989e-01	-1.99999e+09	
442	1.900000e+00	-1.99999e+09	-9.99887e-02	-1.99999e+09	
443	1.950000e+00	-1.99999e+09	-4.99887e-02	-1.99999e+09	
444	2.000000e+00	-1.99999e+09	1.126766e-05	-1.99999e+09	
445	2.050000e+00	-1.99999e+09	5.001127e-02	-1.99999e+09	
446	2.100000e+00	-1.99999e+09	1.000113e-01	-1.99999e+09	
447	2.150000e+00	-1.99999e+09	1.500113e-01	-1.99999e+09	
448	2.200000e+00	-1.99999e+09	2.000113e-01	-1.99999e+09	
449	2.250000e+00	-1.99999e+09	2.500113e-01	-1.99999e+09	
450	2.300000e+00	-1.99999e+09	3.000113e-01	-1.99999e+09	
451	2.350000e+00	-1.99999e+09	3.500113e-01	-1.99999e+09	
452	2.400000e+00	-1.99999e+09	4.000113e-01	-1.99999e+09	
453	2.450000e+00	-1.99999e+09	4.500113e-01	-1.99999e+09	
454	2.500000e+00	-1.99999e+09	5.000113e-01	-1.99999e+09	
455	2.550000e+00	-1.99999e+09	5.500113e-01	-1.99999e+09	
456	2.600000e+00	-1.99999e+09	6.000113e-01	-1.99999e+09	
457	2.650000e+00	-1.99999e+09	6.500113e-01	-1.99999e+09	
458	2.700000e+00	-1.99999e+09	7.000113e-01	-1.99999e+09	
459	2.750000e+00	-1.99999e+09	7.500113e-01	-1.99999e+09	
460	2.800000e+00	-1.99999e+09	8.000113e-01	-1.99999e+09	

Index   i-sweep         ib              net-_q1-pad1_   net-_q1-pad2_   
--------------------------------------------------------------------------------
461	2.850000e+00	-1.99999e+09	8.500113e-01	-1.99999e+09	
462	2.900000e+00	-1.99999e+09	9.000113e-01	-1.99999e+09	
463	2.950000e+00	-1.99999e+09	9.500113e-01	-1.99999e+09	
464	3.000000e+00	-1.99999e+09	1.000011e+00	-1.99999e+09	
465	3.050000e+00	-1.99999e+09	1.050011e+00	-1.99999e+09	
466	3.100000e+00	-1.99999e+09	1.100011e+00	-1.99999e+09	
467	3.150000e+00	-1.99999e+09	1.150011e+00	-1.99999e+09	
468	3.200000e+00	-1.99999e+09	1.200011e+00	-1.99999e+09	
469	3.250000e+00	-1.99999e+09	1.250011e+00	-1.99999e+09	
470	3.300000e+00	-1.99999e+09	1.300011e+00	-1.99999e+09	
471	3.350000e+00	-1.99999e+09	1.350011e+00	-1.99999e+09	
472	3.400000e+00	-1.99999e+09	1.400011e+00	-1.99999e+09	
473	3.450000e+00	-1.99999e+09	1.450011e+00	-1.99999e+09	
474	3.500000e+00	-1.99999e+09	1.500011e+00	-1.99999e+09	
475	3.550000e+00	-1.99999e+09	1.550011e+00	-1.99999e+09	
476	3.600000e+00	-1.99999e+09	1.600011e+00	-1.99999e+09	
477	3.650000e+00	-1.99999e+09	1.650011e+00	-1.99999e+09	
478	3.700000e+00	-1.99999e+09	1.700011e+00	-1.99999e+09	
479	3.750000e+00	-1.99999e+09	1.750011e+00	-1.99999e+09	
480	3.800000e+00	-1.99999e+09	1.800011e+00	-1.99999e+09	
481	3.850000e+00	-1.99999e+09	1.850011e+00	-1.99999e+09	
482	3.900000e+00	-1.99999e+09	1.900011e+00	-1.99999e+09	
483	3.950000e+00	-1.99999e+09	1.950011e+00	-1.99999e+09	
484	4.000000e+00	-1.99999e+09	2.000011e+00	-1.99999e+09	
485	4.050000e+00	-1.99999e+09	2.050011e+00	-1.99999e+09	
486	4.100000e+00	-1.99999e+09	2.100011e+00	-1.99999e+09	
487	4.150000e+00	-1.99999e+09	2.150011e+00	-1.99999e+09	
488	4.200000e+00	-1.99999e+09	2.200011e+00	-1.99999e+09	
489	4.250000e+00	-1.99999e+09	2.250011e+00	-1.99999e+09	
490	4.300000e+00	-1.99999e+09	2.300011e+00	-1.99999e+09	
491	4.350000e+00	-1.99999e+09	2.350011e+00	-1.99999e+09	
492	4.400000e+00	-1.99999e+09	2.400011e+00	-1.99999e+09	
493	4.450000e+00	-1.99999e+09	2.450011e+00	-1.99999e+09	
494	4.500000e+00	-1.99999e+09	2.500011e+00	-1.99999e+09	
495	4.550000e+00	-1.99999e+09	2.550011e+00	-1.99999e+09	
496	4.600000e+00	-1.99999e+09	2.600011e+00	-1.99999e+09	
497	4.650000e+00	-1.99999e+09	2.650011e+00	-1.99999e+09	
498	4.700000e+00	-1.99999e+09	2.700011e+00	-1.99999e+09	
499	4.750000e+00	-1.99999e+09	2.750011e+00	-1.99999e+09	
500	4.800000e+00	-1.99999e+09	2.800011e+00	-1.99999e+09	
501	4.850000e+00	-1.99999e+09	2.850011e+00	-1.99999e+09	
502	4.900000e+00	-1.99999e+09	2.900011e+00	-1.99999e+09	
503	4.950000e+00	-1.99999e+09	2.950011e+00	-1.99999e+09	
504	5.000000e+00	-1.99999e+09	3.000011e+00	-1.99999e+09	
505	0.000000e+00	-2.49999e+09	-2.49999e+00	-2.49999e+09	
506	5.000000e-02	-2.49999e+09	-2.44999e+00	-2.49999e+09	
507	1.000000e-01	-2.49999e+09	-2.39999e+00	-2.49999e+09	
508	1.500000e-01	-2.49999e+09	-2.34999e+00	-2.49999e+09	
509	2.000000e-01	-2.49999e+09	-2.29999e+00	-2.49999e+09	
510	2.500000e-01	-2.49999e+09	-2.24999e+00	-2.49999e+09	
511	3.000000e-01	-2.49999e+09	-2.19999e+00	-2.49999e+09	
512	3.500000e-01	-2.49999e+09	-2.14999e+00	-2.49999e+09	
513	4.000000e-01	-2.49999e+09	-2.09999e+00	-2.49999e+09	
514	4.500000e-01	-2.49999e+09	-2.04999e+00	-2.49999e+09	
515	5.000000e-01	-2.49999e+09	-1.99999e+00	-2.49999e+09	
516	5.500000e-01	-2.49999e+09	-1.94999e+00	-2.49999e+09	
517	6.000000e-01	-2.49999e+09	-1.89999e+00	-2.49999e+09	
518	6.500000e-01	-2.49999e+09	-1.84999e+00	-2.49999e+09	

Index   i-sweep         ib              net-_q1-pad1_   net-_q1-pad2_   
--------------------------------------------------------------------------------
519	7.000000e-01	-2.49999e+09	-1.79999e+00	-2.49999e+09	
520	7.500000e-01	-2.49999e+09	-1.74999e+00	-2.49999e+09	
521	8.000000e-01	-2.49999e+09	-1.69999e+00	-2.49999e+09	
522	8.500000e-01	-2.49999e+09	-1.64999e+00	-2.49999e+09	
523	9.000000e-01	-2.49999e+09	-1.59999e+00	-2.49999e+09	
524	9.500000e-01	-2.49999e+09	-1.54999e+00	-2.49999e+09	
525	1.000000e+00	-2.49999e+09	-1.49999e+00	-2.49999e+09	
526	1.050000e+00	-2.49999e+09	-1.44999e+00	-2.49999e+09	
527	1.100000e+00	-2.49999e+09	-1.39999e+00	-2.49999e+09	
528	1.150000e+00	-2.49999e+09	-1.34999e+00	-2.49999e+09	
529	1.200000e+00	-2.49999e+09	-1.29999e+00	-2.49999e+09	
530	1.250000e+00	-2.49999e+09	-1.24999e+00	-2.49999e+09	
531	1.300000e+00	-2.49999e+09	-1.19999e+00	-2.49999e+09	
532	1.350000e+00	-2.49999e+09	-1.14999e+00	-2.49999e+09	
533	1.400000e+00	-2.49999e+09	-1.09999e+00	-2.49999e+09	
534	1.450000e+00	-2.49999e+09	-1.04999e+00	-2.49999e+09	
535	1.500000e+00	-2.49999e+09	-9.99986e-01	-2.49999e+09	
536	1.550000e+00	-2.49999e+09	-9.49986e-01	-2.49999e+09	
537	1.600000e+00	-2.49999e+09	-8.99986e-01	-2.49999e+09	
538	1.650000e+00	-2.49999e+09	-8.49986e-01	-2.49999e+09	
539	1.700000e+00	-2.49999e+09	-7.99986e-01	-2.49999e+09	
540	1.750000e+00	-2.49999e+09	-7.49986e-01	-2.49999e+09	
541	1.800000e+00	-2.49999e+09	-6.99986e-01	-2.49999e+09	
542	1.850000e+00	-2.49999e+09	-6.49986e-01	-2.49999e+09	
543	1.900000e+00	-2.49999e+09	-5.99986e-01	-2.49999e+09	
544	1.950000e+00	-2.49999e+09	-5.49986e-01	-2.49999e+09	
545	2.000000e+00	-2.49999e+09	-4.99986e-01	-2.49999e+09	
546	2.050000e+00	-2.49999e+09	-4.49986e-01	-2.49999e+09	
547	2.100000e+00	-2.49999e+09	-3.99986e-01	-2.49999e+09	
548	2.150000e+00	-2.49999e+09	-3.49986e-01	-2.49999e+09	
549	2.200000e+00	-2.49999e+09	-2.99986e-01	-2.49999e+09	
550	2.250000e+00	-2.49999e+09	-2.49986e-01	-2.49999e+09	
551	2.300000e+00	-2.49999e+09	-1.99986e-01	-2.49999e+09	
552	2.350000e+00	-2.49999e+09	-1.49986e-01	-2.49999e+09	
553	2.400000e+00	-2.49999e+09	-9.99859e-02	-2.49999e+09	
554	2.450000e+00	-2.49999e+09	-4.99859e-02	-2.49999e+09	
555	2.500000e+00	-2.49999e+09	1.408457e-05	-2.49999e+09	
556	2.550000e+00	-2.49999e+09	5.001408e-02	-2.49999e+09	
557	2.600000e+00	-2.49999e+09	1.000141e-01	-2.49999e+09	
558	2.650000e+00	-2.49999e+09	1.500141e-01	-2.49999e+09	
559	2.700000e+00	-2.49999e+09	2.000141e-01	-2.49999e+09	
560	2.750000e+00	-2.49999e+09	2.500141e-01	-2.49999e+09	
561	2.800000e+00	-2.49999e+09	3.000141e-01	-2.49999e+09	
562	2.850000e+00	-2.49999e+09	3.500141e-01	-2.49999e+09	
563	2.900000e+00	-2.49999e+09	4.000141e-01	-2.49999e+09	
564	2.950000e+00	-2.49999e+09	4.500141e-01	-2.49999e+09	
565	3.000000e+00	-2.49999e+09	5.000141e-01	-2.49999e+09	
566	3.050000e+00	-2.49999e+09	5.500141e-01	-2.49999e+09	
567	3.100000e+00	-2.49999e+09	6.000141e-01	-2.49999e+09	
568	3.150000e+00	-2.49999e+09	6.500141e-01	-2.49999e+09	
569	3.200000e+00	-2.49999e+09	7.000141e-01	-2.49999e+09	
570	3.250000e+00	-2.49999e+09	7.500141e-01	-2.49999e+09	
571	3.300000e+00	-2.49999e+09	8.000141e-01	-2.49999e+09	
572	3.350000e+00	-2.49999e+09	8.500141e-01	-2.49999e+09	
573	3.400000e+00	-2.49999e+09	9.000141e-01	-2.49999e+09	
574	3.450000e+00	-2.49999e+09	9.500141e-01	-2.49999e+09	
575	3.500000e+00	-2.49999e+09	1.000014e+00	-2.49999e+09	
576	3.550000e+00	-2.49999e+09	1.050014e+00	-2.49999e+09	

Index   i-sweep         ib              net-_q1-pad1_   net-_q1-pad2_   
--------------------------------------------------------------------------------
577	3.600000e+00	-2.49999e+09	1.100014e+00	-2.49999e+09	
578	3.650000e+00	-2.49999e+09	1.150014e+00	-2.49999e+09	
579	3.700000e+00	-2.49999e+09	1.200014e+00	-2.49999e+09	
580	3.750000e+00	-2.49999e+09	1.250014e+00	-2.49999e+09	
581	3.800000e+00	-2.49999e+09	1.300014e+00	-2.49999e+09	
582	3.850000e+00	-2.49999e+09	1.350014e+00	-2.49999e+09	
583	3.900000e+00	-2.49999e+09	1.400014e+00	-2.49999e+09	
584	3.950000e+00	-2.49999e+09	1.450014e+00	-2.49999e+09	
585	4.000000e+00	-2.49999e+09	1.500014e+00	-2.49999e+09	
586	4.050000e+00	-2.49999e+09	1.550014e+00	-2.49999e+09	
587	4.100000e+00	-2.49999e+09	1.600014e+00	-2.49999e+09	
588	4.150000e+00	-2.49999e+09	1.650014e+00	-2.49999e+09	
589	4.200000e+00	-2.49999e+09	1.700014e+00	-2.49999e+09	
590	4.250000e+00	-2.49999e+09	1.750014e+00	-2.49999e+09	
591	4.300000e+00	-2.49999e+09	1.800014e+00	-2.49999e+09	
592	4.350000e+00	-2.49999e+09	1.850014e+00	-2.49999e+09	
593	4.400000e+00	-2.49999e+09	1.900014e+00	-2.49999e+09	
594	4.450000e+00	-2.49999e+09	1.950014e+00	-2.49999e+09	
595	4.500000e+00	-2.49999e+09	2.000014e+00	-2.49999e+09	
596	4.550000e+00	-2.49999e+09	2.050014e+00	-2.49999e+09	
597	4.600000e+00	-2.49999e+09	2.100014e+00	-2.49999e+09	
598	4.650000e+00	-2.49999e+09	2.150014e+00	-2.49999e+09	
599	4.700000e+00	-2.49999e+09	2.200014e+00	-2.49999e+09	
600	4.750000e+00	-2.49999e+09	2.250014e+00	-2.49999e+09	
601	4.800000e+00	-2.49999e+09	2.300014e+00	-2.49999e+09	
602	4.850000e+00	-2.49999e+09	2.350014e+00	-2.49999e+09	
603	4.900000e+00	-2.49999e+09	2.400014e+00	-2.49999e+09	
604	4.950000e+00	-2.49999e+09	2.450014e+00	-2.49999e+09	
605	5.000000e+00	-2.49999e+09	2.500014e+00	-2.49999e+09	

         * /home/fossee/updatedexamples/bjt_ce_config/bjt_ce_config.cir
         DC transfer characteristic  Thu Mar  3 18:34:30  2016
--------------------------------------------------------------------------------
Index   i-sweep         net-_r1-pad1_   vce             
--------------------------------------------------------------------------------
0	0.000000e+00	0.000000e+00	0.000000e+00	
1	5.000000e-02	5.000000e-02	5.000000e-02	
2	1.000000e-01	1.000000e-01	1.000000e-01	
3	1.500000e-01	1.500000e-01	1.500000e-01	
4	2.000000e-01	2.000000e-01	2.000000e-01	
5	2.500000e-01	2.500000e-01	2.500000e-01	
6	3.000000e-01	3.000000e-01	3.000000e-01	
7	3.500000e-01	3.500000e-01	3.500000e-01	
8	4.000000e-01	4.000000e-01	4.000000e-01	
9	4.500000e-01	4.500000e-01	4.500000e-01	
10	5.000000e-01	5.000000e-01	5.000000e-01	
11	5.500000e-01	5.500000e-01	5.500000e-01	
12	6.000000e-01	6.000000e-01	6.000000e-01	
13	6.500000e-01	6.500000e-01	6.500000e-01	
14	7.000000e-01	7.000000e-01	7.000000e-01	
15	7.500000e-01	7.500000e-01	7.500000e-01	
16	8.000000e-01	8.000000e-01	8.000000e-01	
17	8.500000e-01	8.500000e-01	8.500000e-01	
18	9.000000e-01	9.000000e-01	9.000000e-01	
19	9.500000e-01	9.500000e-01	9.500000e-01	
20	1.000000e+00	1.000000e+00	1.000000e+00	
21	1.050000e+00	1.050000e+00	1.050000e+00	
22	1.100000e+00	1.100000e+00	1.100000e+00	
23	1.150000e+00	1.150000e+00	1.150000e+00	
24	1.200000e+00	1.200000e+00	1.200000e+00	
25	1.250000e+00	1.250000e+00	1.250000e+00	
26	1.300000e+00	1.300000e+00	1.300000e+00	
27	1.350000e+00	1.350000e+00	1.350000e+00	
28	1.400000e+00	1.400000e+00	1.400000e+00	
29	1.450000e+00	1.450000e+00	1.450000e+00	
30	1.500000e+00	1.500000e+00	1.500000e+00	
31	1.550000e+00	1.550000e+00	1.550000e+00	
32	1.600000e+00	1.600000e+00	1.600000e+00	
33	1.650000e+00	1.650000e+00	1.650000e+00	
34	1.700000e+00	1.700000e+00	1.700000e+00	
35	1.750000e+00	1.750000e+00	1.750000e+00	
36	1.800000e+00	1.800000e+00	1.800000e+00	
37	1.850000e+00	1.850000e+00	1.850000e+00	
38	1.900000e+00	1.900000e+00	1.900000e+00	
39	1.950000e+00	1.950000e+00	1.950000e+00	
40	2.000000e+00	2.000000e+00	2.000000e+00	
41	2.050000e+00	2.050000e+00	2.050000e+00	
42	2.100000e+00	2.100000e+00	2.100000e+00	
43	2.150000e+00	2.150000e+00	2.150000e+00	
44	2.200000e+00	2.200000e+00	2.200000e+00	
45	2.250000e+00	2.250000e+00	2.250000e+00	
46	2.300000e+00	2.300000e+00	2.300000e+00	
47	2.350000e+00	2.350000e+00	2.350000e+00	
48	2.400000e+00	2.400000e+00	2.400000e+00	
49	2.450000e+00	2.450000e+00	2.450000e+00	
50	2.500000e+00	2.500000e+00	2.500000e+00	
51	2.550000e+00	2.550000e+00	2.550000e+00	
52	2.600000e+00	2.600000e+00	2.600000e+00	
53	2.650000e+00	2.650000e+00	2.650000e+00	
54	2.700000e+00	2.700000e+00	2.700000e+00	

Index   i-sweep         net-_r1-pad1_   vce             
--------------------------------------------------------------------------------
55	2.750000e+00	2.750000e+00	2.750000e+00	
56	2.800000e+00	2.800000e+00	2.800000e+00	
57	2.850000e+00	2.850000e+00	2.850000e+00	
58	2.900000e+00	2.900000e+00	2.900000e+00	
59	2.950000e+00	2.950000e+00	2.950000e+00	
60	3.000000e+00	3.000000e+00	3.000000e+00	
61	3.050000e+00	3.050000e+00	3.050000e+00	
62	3.100000e+00	3.100000e+00	3.100000e+00	
63	3.150000e+00	3.150000e+00	3.150000e+00	
64	3.200000e+00	3.200000e+00	3.200000e+00	
65	3.250000e+00	3.250000e+00	3.250000e+00	
66	3.300000e+00	3.300000e+00	3.300000e+00	
67	3.350000e+00	3.350000e+00	3.350000e+00	
68	3.400000e+00	3.400000e+00	3.400000e+00	
69	3.450000e+00	3.450000e+00	3.450000e+00	
70	3.500000e+00	3.500000e+00	3.500000e+00	
71	3.550000e+00	3.550000e+00	3.550000e+00	
72	3.600000e+00	3.600000e+00	3.600000e+00	
73	3.650000e+00	3.650000e+00	3.650000e+00	
74	3.700000e+00	3.700000e+00	3.700000e+00	
75	3.750000e+00	3.750000e+00	3.750000e+00	
76	3.800000e+00	3.800000e+00	3.800000e+00	
77	3.850000e+00	3.850000e+00	3.850000e+00	
78	3.900000e+00	3.900000e+00	3.900000e+00	
79	3.950000e+00	3.950000e+00	3.950000e+00	
80	4.000000e+00	4.000000e+00	4.000000e+00	
81	4.050000e+00	4.050000e+00	4.050000e+00	
82	4.100000e+00	4.100000e+00	4.100000e+00	
83	4.150000e+00	4.150000e+00	4.150000e+00	
84	4.200000e+00	4.200000e+00	4.200000e+00	
85	4.250000e+00	4.250000e+00	4.250000e+00	
86	4.300000e+00	4.300000e+00	4.300000e+00	
87	4.350000e+00	4.350000e+00	4.350000e+00	
88	4.400000e+00	4.400000e+00	4.400000e+00	
89	4.450000e+00	4.450000e+00	4.450000e+00	
90	4.500000e+00	4.500000e+00	4.500000e+00	
91	4.550000e+00	4.550000e+00	4.550000e+00	
92	4.600000e+00	4.600000e+00	4.600000e+00	
93	4.650000e+00	4.650000e+00	4.650000e+00	
94	4.700000e+00	4.700000e+00	4.700000e+00	
95	4.750000e+00	4.750000e+00	4.750000e+00	
96	4.800000e+00	4.800000e+00	4.800000e+00	
97	4.850000e+00	4.850000e+00	4.850000e+00	
98	4.900000e+00	4.900000e+00	4.900000e+00	
99	4.950000e+00	4.950000e+00	4.950000e+00	
100	5.000000e+00	5.000000e+00	5.000000e+00	
101	0.000000e+00	0.000000e+00	0.000000e+00	
102	5.000000e-02	5.000000e-02	5.000000e-02	
103	1.000000e-01	1.000000e-01	1.000000e-01	
104	1.500000e-01	1.500000e-01	1.500000e-01	
105	2.000000e-01	2.000000e-01	2.000000e-01	
106	2.500000e-01	2.500000e-01	2.500000e-01	
107	3.000000e-01	3.000000e-01	3.000000e-01	
108	3.500000e-01	3.500000e-01	3.500000e-01	
109	4.000000e-01	4.000000e-01	4.000000e-01	
110	4.500000e-01	4.500000e-01	4.500000e-01	
111	5.000000e-01	5.000000e-01	5.000000e-01	
112	5.500000e-01	5.500000e-01	5.500000e-01	

Index   i-sweep         net-_r1-pad1_   vce             
--------------------------------------------------------------------------------
113	6.000000e-01	6.000000e-01	6.000000e-01	
114	6.500000e-01	6.500000e-01	6.500000e-01	
115	7.000000e-01	7.000000e-01	7.000000e-01	
116	7.500000e-01	7.500000e-01	7.500000e-01	
117	8.000000e-01	8.000000e-01	8.000000e-01	
118	8.500000e-01	8.500000e-01	8.500000e-01	
119	9.000000e-01	9.000000e-01	9.000000e-01	
120	9.500000e-01	9.500000e-01	9.500000e-01	
121	1.000000e+00	1.000000e+00	1.000000e+00	
122	1.050000e+00	1.050000e+00	1.050000e+00	
123	1.100000e+00	1.100000e+00	1.100000e+00	
124	1.150000e+00	1.150000e+00	1.150000e+00	
125	1.200000e+00	1.200000e+00	1.200000e+00	
126	1.250000e+00	1.250000e+00	1.250000e+00	
127	1.300000e+00	1.300000e+00	1.300000e+00	
128	1.350000e+00	1.350000e+00	1.350000e+00	
129	1.400000e+00	1.400000e+00	1.400000e+00	
130	1.450000e+00	1.450000e+00	1.450000e+00	
131	1.500000e+00	1.500000e+00	1.500000e+00	
132	1.550000e+00	1.550000e+00	1.550000e+00	
133	1.600000e+00	1.600000e+00	1.600000e+00	
134	1.650000e+00	1.650000e+00	1.650000e+00	
135	1.700000e+00	1.700000e+00	1.700000e+00	
136	1.750000e+00	1.750000e+00	1.750000e+00	
137	1.800000e+00	1.800000e+00	1.800000e+00	
138	1.850000e+00	1.850000e+00	1.850000e+00	
139	1.900000e+00	1.900000e+00	1.900000e+00	
140	1.950000e+00	1.950000e+00	1.950000e+00	
141	2.000000e+00	2.000000e+00	2.000000e+00	
142	2.050000e+00	2.050000e+00	2.050000e+00	
143	2.100000e+00	2.100000e+00	2.100000e+00	
144	2.150000e+00	2.150000e+00	2.150000e+00	
145	2.200000e+00	2.200000e+00	2.200000e+00	
146	2.250000e+00	2.250000e+00	2.250000e+00	
147	2.300000e+00	2.300000e+00	2.300000e+00	
148	2.350000e+00	2.350000e+00	2.350000e+00	
149	2.400000e+00	2.400000e+00	2.400000e+00	
150	2.450000e+00	2.450000e+00	2.450000e+00	
151	2.500000e+00	2.500000e+00	2.500000e+00	
152	2.550000e+00	2.550000e+00	2.550000e+00	
153	2.600000e+00	2.600000e+00	2.600000e+00	
154	2.650000e+00	2.650000e+00	2.650000e+00	
155	2.700000e+00	2.700000e+00	2.700000e+00	
156	2.750000e+00	2.750000e+00	2.750000e+00	
157	2.800000e+00	2.800000e+00	2.800000e+00	
158	2.850000e+00	2.850000e+00	2.850000e+00	
159	2.900000e+00	2.900000e+00	2.900000e+00	
160	2.950000e+00	2.950000e+00	2.950000e+00	
161	3.000000e+00	3.000000e+00	3.000000e+00	
162	3.050000e+00	3.050000e+00	3.050000e+00	
163	3.100000e+00	3.100000e+00	3.100000e+00	
164	3.150000e+00	3.150000e+00	3.150000e+00	
165	3.200000e+00	3.200000e+00	3.200000e+00	
166	3.250000e+00	3.250000e+00	3.250000e+00	
167	3.300000e+00	3.300000e+00	3.300000e+00	
168	3.350000e+00	3.350000e+00	3.350000e+00	
169	3.400000e+00	3.400000e+00	3.400000e+00	
170	3.450000e+00	3.450000e+00	3.450000e+00	

Index   i-sweep         net-_r1-pad1_   vce             
--------------------------------------------------------------------------------
171	3.500000e+00	3.500000e+00	3.500000e+00	
172	3.550000e+00	3.550000e+00	3.550000e+00	
173	3.600000e+00	3.600000e+00	3.600000e+00	
174	3.650000e+00	3.650000e+00	3.650000e+00	
175	3.700000e+00	3.700000e+00	3.700000e+00	
176	3.750000e+00	3.750000e+00	3.750000e+00	
177	3.800000e+00	3.800000e+00	3.800000e+00	
178	3.850000e+00	3.850000e+00	3.850000e+00	
179	3.900000e+00	3.900000e+00	3.900000e+00	
180	3.950000e+00	3.950000e+00	3.950000e+00	
181	4.000000e+00	4.000000e+00	4.000000e+00	
182	4.050000e+00	4.050000e+00	4.050000e+00	
183	4.100000e+00	4.100000e+00	4.100000e+00	
184	4.150000e+00	4.150000e+00	4.150000e+00	
185	4.200000e+00	4.200000e+00	4.200000e+00	
186	4.250000e+00	4.250000e+00	4.250000e+00	
187	4.300000e+00	4.300000e+00	4.300000e+00	
188	4.350000e+00	4.350000e+00	4.350000e+00	
189	4.400000e+00	4.400000e+00	4.400000e+00	
190	4.450000e+00	4.450000e+00	4.450000e+00	
191	4.500000e+00	4.500000e+00	4.500000e+00	
192	4.550000e+00	4.550000e+00	4.550000e+00	
193	4.600000e+00	4.600000e+00	4.600000e+00	
194	4.650000e+00	4.650000e+00	4.650000e+00	
195	4.700000e+00	4.700000e+00	4.700000e+00	
196	4.750000e+00	4.750000e+00	4.750000e+00	
197	4.800000e+00	4.800000e+00	4.800000e+00	
198	4.850000e+00	4.850000e+00	4.850000e+00	
199	4.900000e+00	4.900000e+00	4.900000e+00	
200	4.950000e+00	4.950000e+00	4.950000e+00	
201	5.000000e+00	5.000000e+00	5.000000e+00	
202	0.000000e+00	0.000000e+00	0.000000e+00	
203	5.000000e-02	5.000000e-02	5.000000e-02	
204	1.000000e-01	1.000000e-01	1.000000e-01	
205	1.500000e-01	1.500000e-01	1.500000e-01	
206	2.000000e-01	2.000000e-01	2.000000e-01	
207	2.500000e-01	2.500000e-01	2.500000e-01	
208	3.000000e-01	3.000000e-01	3.000000e-01	
209	3.500000e-01	3.500000e-01	3.500000e-01	
210	4.000000e-01	4.000000e-01	4.000000e-01	
211	4.500000e-01	4.500000e-01	4.500000e-01	
212	5.000000e-01	5.000000e-01	5.000000e-01	
213	5.500000e-01	5.500000e-01	5.500000e-01	
214	6.000000e-01	6.000000e-01	6.000000e-01	
215	6.500000e-01	6.500000e-01	6.500000e-01	
216	7.000000e-01	7.000000e-01	7.000000e-01	
217	7.500000e-01	7.500000e-01	7.500000e-01	
218	8.000000e-01	8.000000e-01	8.000000e-01	
219	8.500000e-01	8.500000e-01	8.500000e-01	
220	9.000000e-01	9.000000e-01	9.000000e-01	
221	9.500000e-01	9.500000e-01	9.500000e-01	
222	1.000000e+00	1.000000e+00	1.000000e+00	
223	1.050000e+00	1.050000e+00	1.050000e+00	
224	1.100000e+00	1.100000e+00	1.100000e+00	
225	1.150000e+00	1.150000e+00	1.150000e+00	
226	1.200000e+00	1.200000e+00	1.200000e+00	
227	1.250000e+00	1.250000e+00	1.250000e+00	
228	1.300000e+00	1.300000e+00	1.300000e+00	

Index   i-sweep         net-_r1-pad1_   vce             
--------------------------------------------------------------------------------
229	1.350000e+00	1.350000e+00	1.350000e+00	
230	1.400000e+00	1.400000e+00	1.400000e+00	
231	1.450000e+00	1.450000e+00	1.450000e+00	
232	1.500000e+00	1.500000e+00	1.500000e+00	
233	1.550000e+00	1.550000e+00	1.550000e+00	
234	1.600000e+00	1.600000e+00	1.600000e+00	
235	1.650000e+00	1.650000e+00	1.650000e+00	
236	1.700000e+00	1.700000e+00	1.700000e+00	
237	1.750000e+00	1.750000e+00	1.750000e+00	
238	1.800000e+00	1.800000e+00	1.800000e+00	
239	1.850000e+00	1.850000e+00	1.850000e+00	
240	1.900000e+00	1.900000e+00	1.900000e+00	
241	1.950000e+00	1.950000e+00	1.950000e+00	
242	2.000000e+00	2.000000e+00	2.000000e+00	
243	2.050000e+00	2.050000e+00	2.050000e+00	
244	2.100000e+00	2.100000e+00	2.100000e+00	
245	2.150000e+00	2.150000e+00	2.150000e+00	
246	2.200000e+00	2.200000e+00	2.200000e+00	
247	2.250000e+00	2.250000e+00	2.250000e+00	
248	2.300000e+00	2.300000e+00	2.300000e+00	
249	2.350000e+00	2.350000e+00	2.350000e+00	
250	2.400000e+00	2.400000e+00	2.400000e+00	
251	2.450000e+00	2.450000e+00	2.450000e+00	
252	2.500000e+00	2.500000e+00	2.500000e+00	
253	2.550000e+00	2.550000e+00	2.550000e+00	
254	2.600000e+00	2.600000e+00	2.600000e+00	
255	2.650000e+00	2.650000e+00	2.650000e+00	
256	2.700000e+00	2.700000e+00	2.700000e+00	
257	2.750000e+00	2.750000e+00	2.750000e+00	
258	2.800000e+00	2.800000e+00	2.800000e+00	
259	2.850000e+00	2.850000e+00	2.850000e+00	
260	2.900000e+00	2.900000e+00	2.900000e+00	
261	2.950000e+00	2.950000e+00	2.950000e+00	
262	3.000000e+00	3.000000e+00	3.000000e+00	
263	3.050000e+00	3.050000e+00	3.050000e+00	
264	3.100000e+00	3.100000e+00	3.100000e+00	
265	3.150000e+00	3.150000e+00	3.150000e+00	
266	3.200000e+00	3.200000e+00	3.200000e+00	
267	3.250000e+00	3.250000e+00	3.250000e+00	
268	3.300000e+00	3.300000e+00	3.300000e+00	
269	3.350000e+00	3.350000e+00	3.350000e+00	
270	3.400000e+00	3.400000e+00	3.400000e+00	
271	3.450000e+00	3.450000e+00	3.450000e+00	
272	3.500000e+00	3.500000e+00	3.500000e+00	
273	3.550000e+00	3.550000e+00	3.550000e+00	
274	3.600000e+00	3.600000e+00	3.600000e+00	
275	3.650000e+00	3.650000e+00	3.650000e+00	
276	3.700000e+00	3.700000e+00	3.700000e+00	
277	3.750000e+00	3.750000e+00	3.750000e+00	
278	3.800000e+00	3.800000e+00	3.800000e+00	
279	3.850000e+00	3.850000e+00	3.850000e+00	
280	3.900000e+00	3.900000e+00	3.900000e+00	
281	3.950000e+00	3.950000e+00	3.950000e+00	
282	4.000000e+00	4.000000e+00	4.000000e+00	
283	4.050000e+00	4.050000e+00	4.050000e+00	
284	4.100000e+00	4.100000e+00	4.100000e+00	
285	4.150000e+00	4.150000e+00	4.150000e+00	
286	4.200000e+00	4.200000e+00	4.200000e+00	

Index   i-sweep         net-_r1-pad1_   vce             
--------------------------------------------------------------------------------
287	4.250000e+00	4.250000e+00	4.250000e+00	
288	4.300000e+00	4.300000e+00	4.300000e+00	
289	4.350000e+00	4.350000e+00	4.350000e+00	
290	4.400000e+00	4.400000e+00	4.400000e+00	
291	4.450000e+00	4.450000e+00	4.450000e+00	
292	4.500000e+00	4.500000e+00	4.500000e+00	
293	4.550000e+00	4.550000e+00	4.550000e+00	
294	4.600000e+00	4.600000e+00	4.600000e+00	
295	4.650000e+00	4.650000e+00	4.650000e+00	
296	4.700000e+00	4.700000e+00	4.700000e+00	
297	4.750000e+00	4.750000e+00	4.750000e+00	
298	4.800000e+00	4.800000e+00	4.800000e+00	
299	4.850000e+00	4.850000e+00	4.850000e+00	
300	4.900000e+00	4.900000e+00	4.900000e+00	
301	4.950000e+00	4.950000e+00	4.950000e+00	
302	5.000000e+00	5.000000e+00	5.000000e+00	
303	0.000000e+00	0.000000e+00	0.000000e+00	
304	5.000000e-02	5.000000e-02	5.000000e-02	
305	1.000000e-01	1.000000e-01	1.000000e-01	
306	1.500000e-01	1.500000e-01	1.500000e-01	
307	2.000000e-01	2.000000e-01	2.000000e-01	
308	2.500000e-01	2.500000e-01	2.500000e-01	
309	3.000000e-01	3.000000e-01	3.000000e-01	
310	3.500000e-01	3.500000e-01	3.500000e-01	
311	4.000000e-01	4.000000e-01	4.000000e-01	
312	4.500000e-01	4.500000e-01	4.500000e-01	
313	5.000000e-01	5.000000e-01	5.000000e-01	
314	5.500000e-01	5.500000e-01	5.500000e-01	
315	6.000000e-01	6.000000e-01	6.000000e-01	
316	6.500000e-01	6.500000e-01	6.500000e-01	
317	7.000000e-01	7.000000e-01	7.000000e-01	
318	7.500000e-01	7.500000e-01	7.500000e-01	
319	8.000000e-01	8.000000e-01	8.000000e-01	
320	8.500000e-01	8.500000e-01	8.500000e-01	
321	9.000000e-01	9.000000e-01	9.000000e-01	
322	9.500000e-01	9.500000e-01	9.500000e-01	
323	1.000000e+00	1.000000e+00	1.000000e+00	
324	1.050000e+00	1.050000e+00	1.050000e+00	
325	1.100000e+00	1.100000e+00	1.100000e+00	
326	1.150000e+00	1.150000e+00	1.150000e+00	
327	1.200000e+00	1.200000e+00	1.200000e+00	
328	1.250000e+00	1.250000e+00	1.250000e+00	
329	1.300000e+00	1.300000e+00	1.300000e+00	
330	1.350000e+00	1.350000e+00	1.350000e+00	
331	1.400000e+00	1.400000e+00	1.400000e+00	
332	1.450000e+00	1.450000e+00	1.450000e+00	
333	1.500000e+00	1.500000e+00	1.500000e+00	
334	1.550000e+00	1.550000e+00	1.550000e+00	
335	1.600000e+00	1.600000e+00	1.600000e+00	
336	1.650000e+00	1.650000e+00	1.650000e+00	
337	1.700000e+00	1.700000e+00	1.700000e+00	
338	1.750000e+00	1.750000e+00	1.750000e+00	
339	1.800000e+00	1.800000e+00	1.800000e+00	
340	1.850000e+00	1.850000e+00	1.850000e+00	
341	1.900000e+00	1.900000e+00	1.900000e+00	
342	1.950000e+00	1.950000e+00	1.950000e+00	
343	2.000000e+00	2.000000e+00	2.000000e+00	
344	2.050000e+00	2.050000e+00	2.050000e+00	

Index   i-sweep         net-_r1-pad1_   vce             
--------------------------------------------------------------------------------
345	2.100000e+00	2.100000e+00	2.100000e+00	
346	2.150000e+00	2.150000e+00	2.150000e+00	
347	2.200000e+00	2.200000e+00	2.200000e+00	
348	2.250000e+00	2.250000e+00	2.250000e+00	
349	2.300000e+00	2.300000e+00	2.300000e+00	
350	2.350000e+00	2.350000e+00	2.350000e+00	
351	2.400000e+00	2.400000e+00	2.400000e+00	
352	2.450000e+00	2.450000e+00	2.450000e+00	
353	2.500000e+00	2.500000e+00	2.500000e+00	
354	2.550000e+00	2.550000e+00	2.550000e+00	
355	2.600000e+00	2.600000e+00	2.600000e+00	
356	2.650000e+00	2.650000e+00	2.650000e+00	
357	2.700000e+00	2.700000e+00	2.700000e+00	
358	2.750000e+00	2.750000e+00	2.750000e+00	
359	2.800000e+00	2.800000e+00	2.800000e+00	
360	2.850000e+00	2.850000e+00	2.850000e+00	
361	2.900000e+00	2.900000e+00	2.900000e+00	
362	2.950000e+00	2.950000e+00	2.950000e+00	
363	3.000000e+00	3.000000e+00	3.000000e+00	
364	3.050000e+00	3.050000e+00	3.050000e+00	
365	3.100000e+00	3.100000e+00	3.100000e+00	
366	3.150000e+00	3.150000e+00	3.150000e+00	
367	3.200000e+00	3.200000e+00	3.200000e+00	
368	3.250000e+00	3.250000e+00	3.250000e+00	
369	3.300000e+00	3.300000e+00	3.300000e+00	
370	3.350000e+00	3.350000e+00	3.350000e+00	
371	3.400000e+00	3.400000e+00	3.400000e+00	
372	3.450000e+00	3.450000e+00	3.450000e+00	
373	3.500000e+00	3.500000e+00	3.500000e+00	
374	3.550000e+00	3.550000e+00	3.550000e+00	
375	3.600000e+00	3.600000e+00	3.600000e+00	
376	3.650000e+00	3.650000e+00	3.650000e+00	
377	3.700000e+00	3.700000e+00	3.700000e+00	
378	3.750000e+00	3.750000e+00	3.750000e+00	
379	3.800000e+00	3.800000e+00	3.800000e+00	
380	3.850000e+00	3.850000e+00	3.850000e+00	
381	3.900000e+00	3.900000e+00	3.900000e+00	
382	3.950000e+00	3.950000e+00	3.950000e+00	
383	4.000000e+00	4.000000e+00	4.000000e+00	
384	4.050000e+00	4.050000e+00	4.050000e+00	
385	4.100000e+00	4.100000e+00	4.100000e+00	
386	4.150000e+00	4.150000e+00	4.150000e+00	
387	4.200000e+00	4.200000e+00	4.200000e+00	
388	4.250000e+00	4.250000e+00	4.250000e+00	
389	4.300000e+00	4.300000e+00	4.300000e+00	
390	4.350000e+00	4.350000e+00	4.350000e+00	
391	4.400000e+00	4.400000e+00	4.400000e+00	
392	4.450000e+00	4.450000e+00	4.450000e+00	
393	4.500000e+00	4.500000e+00	4.500000e+00	
394	4.550000e+00	4.550000e+00	4.550000e+00	
395	4.600000e+00	4.600000e+00	4.600000e+00	
396	4.650000e+00	4.650000e+00	4.650000e+00	
397	4.700000e+00	4.700000e+00	4.700000e+00	
398	4.750000e+00	4.750000e+00	4.750000e+00	
399	4.800000e+00	4.800000e+00	4.800000e+00	
400	4.850000e+00	4.850000e+00	4.850000e+00	
401	4.900000e+00	4.900000e+00	4.900000e+00	
402	4.950000e+00	4.950000e+00	4.950000e+00	

Index   i-sweep         net-_r1-pad1_   vce             
--------------------------------------------------------------------------------
403	5.000000e+00	5.000000e+00	5.000000e+00	
404	0.000000e+00	0.000000e+00	0.000000e+00	
405	5.000000e-02	5.000000e-02	5.000000e-02	
406	1.000000e-01	1.000000e-01	1.000000e-01	
407	1.500000e-01	1.500000e-01	1.500000e-01	
408	2.000000e-01	2.000000e-01	2.000000e-01	
409	2.500000e-01	2.500000e-01	2.500000e-01	
410	3.000000e-01	3.000000e-01	3.000000e-01	
411	3.500000e-01	3.500000e-01	3.500000e-01	
412	4.000000e-01	4.000000e-01	4.000000e-01	
413	4.500000e-01	4.500000e-01	4.500000e-01	
414	5.000000e-01	5.000000e-01	5.000000e-01	
415	5.500000e-01	5.500000e-01	5.500000e-01	
416	6.000000e-01	6.000000e-01	6.000000e-01	
417	6.500000e-01	6.500000e-01	6.500000e-01	
418	7.000000e-01	7.000000e-01	7.000000e-01	
419	7.500000e-01	7.500000e-01	7.500000e-01	
420	8.000000e-01	8.000000e-01	8.000000e-01	
421	8.500000e-01	8.500000e-01	8.500000e-01	
422	9.000000e-01	9.000000e-01	9.000000e-01	
423	9.500000e-01	9.500000e-01	9.500000e-01	
424	1.000000e+00	1.000000e+00	1.000000e+00	
425	1.050000e+00	1.050000e+00	1.050000e+00	
426	1.100000e+00	1.100000e+00	1.100000e+00	
427	1.150000e+00	1.150000e+00	1.150000e+00	
428	1.200000e+00	1.200000e+00	1.200000e+00	
429	1.250000e+00	1.250000e+00	1.250000e+00	
430	1.300000e+00	1.300000e+00	1.300000e+00	
431	1.350000e+00	1.350000e+00	1.350000e+00	
432	1.400000e+00	1.400000e+00	1.400000e+00	
433	1.450000e+00	1.450000e+00	1.450000e+00	
434	1.500000e+00	1.500000e+00	1.500000e+00	
435	1.550000e+00	1.550000e+00	1.550000e+00	
436	1.600000e+00	1.600000e+00	1.600000e+00	
437	1.650000e+00	1.650000e+00	1.650000e+00	
438	1.700000e+00	1.700000e+00	1.700000e+00	
439	1.750000e+00	1.750000e+00	1.750000e+00	
440	1.800000e+00	1.800000e+00	1.800000e+00	
441	1.850000e+00	1.850000e+00	1.850000e+00	
442	1.900000e+00	1.900000e+00	1.900000e+00	
443	1.950000e+00	1.950000e+00	1.950000e+00	
444	2.000000e+00	2.000000e+00	2.000000e+00	
445	2.050000e+00	2.050000e+00	2.050000e+00	
446	2.100000e+00	2.100000e+00	2.100000e+00	
447	2.150000e+00	2.150000e+00	2.150000e+00	
448	2.200000e+00	2.200000e+00	2.200000e+00	
449	2.250000e+00	2.250000e+00	2.250000e+00	
450	2.300000e+00	2.300000e+00	2.300000e+00	
451	2.350000e+00	2.350000e+00	2.350000e+00	
452	2.400000e+00	2.400000e+00	2.400000e+00	
453	2.450000e+00	2.450000e+00	2.450000e+00	
454	2.500000e+00	2.500000e+00	2.500000e+00	
455	2.550000e+00	2.550000e+00	2.550000e+00	
456	2.600000e+00	2.600000e+00	2.600000e+00	
457	2.650000e+00	2.650000e+00	2.650000e+00	
458	2.700000e+00	2.700000e+00	2.700000e+00	
459	2.750000e+00	2.750000e+00	2.750000e+00	
460	2.800000e+00	2.800000e+00	2.800000e+00	

Index   i-sweep         net-_r1-pad1_   vce             
--------------------------------------------------------------------------------
461	2.850000e+00	2.850000e+00	2.850000e+00	
462	2.900000e+00	2.900000e+00	2.900000e+00	
463	2.950000e+00	2.950000e+00	2.950000e+00	
464	3.000000e+00	3.000000e+00	3.000000e+00	
465	3.050000e+00	3.050000e+00	3.050000e+00	
466	3.100000e+00	3.100000e+00	3.100000e+00	
467	3.150000e+00	3.150000e+00	3.150000e+00	
468	3.200000e+00	3.200000e+00	3.200000e+00	
469	3.250000e+00	3.250000e+00	3.250000e+00	
470	3.300000e+00	3.300000e+00	3.300000e+00	
471	3.350000e+00	3.350000e+00	3.350000e+00	
472	3.400000e+00	3.400000e+00	3.400000e+00	
473	3.450000e+00	3.450000e+00	3.450000e+00	
474	3.500000e+00	3.500000e+00	3.500000e+00	
475	3.550000e+00	3.550000e+00	3.550000e+00	
476	3.600000e+00	3.600000e+00	3.600000e+00	
477	3.650000e+00	3.650000e+00	3.650000e+00	
478	3.700000e+00	3.700000e+00	3.700000e+00	
479	3.750000e+00	3.750000e+00	3.750000e+00	
480	3.800000e+00	3.800000e+00	3.800000e+00	
481	3.850000e+00	3.850000e+00	3.850000e+00	
482	3.900000e+00	3.900000e+00	3.900000e+00	
483	3.950000e+00	3.950000e+00	3.950000e+00	
484	4.000000e+00	4.000000e+00	4.000000e+00	
485	4.050000e+00	4.050000e+00	4.050000e+00	
486	4.100000e+00	4.100000e+00	4.100000e+00	
487	4.150000e+00	4.150000e+00	4.150000e+00	
488	4.200000e+00	4.200000e+00	4.200000e+00	
489	4.250000e+00	4.250000e+00	4.250000e+00	
490	4.300000e+00	4.300000e+00	4.300000e+00	
491	4.350000e+00	4.350000e+00	4.350000e+00	
492	4.400000e+00	4.400000e+00	4.400000e+00	
493	4.450000e+00	4.450000e+00	4.450000e+00	
494	4.500000e+00	4.500000e+00	4.500000e+00	
495	4.550000e+00	4.550000e+00	4.550000e+00	
496	4.600000e+00	4.600000e+00	4.600000e+00	
497	4.650000e+00	4.650000e+00	4.650000e+00	
498	4.700000e+00	4.700000e+00	4.700000e+00	
499	4.750000e+00	4.750000e+00	4.750000e+00	
500	4.800000e+00	4.800000e+00	4.800000e+00	
501	4.850000e+00	4.850000e+00	4.850000e+00	
502	4.900000e+00	4.900000e+00	4.900000e+00	
503	4.950000e+00	4.950000e+00	4.950000e+00	
504	5.000000e+00	5.000000e+00	5.000000e+00	
505	0.000000e+00	0.000000e+00	0.000000e+00	
506	5.000000e-02	5.000000e-02	5.000000e-02	
507	1.000000e-01	1.000000e-01	1.000000e-01	
508	1.500000e-01	1.500000e-01	1.500000e-01	
509	2.000000e-01	2.000000e-01	2.000000e-01	
510	2.500000e-01	2.500000e-01	2.500000e-01	
511	3.000000e-01	3.000000e-01	3.000000e-01	
512	3.500000e-01	3.500000e-01	3.500000e-01	
513	4.000000e-01	4.000000e-01	4.000000e-01	
514	4.500000e-01	4.500000e-01	4.500000e-01	
515	5.000000e-01	5.000000e-01	5.000000e-01	
516	5.500000e-01	5.500000e-01	5.500000e-01	
517	6.000000e-01	6.000000e-01	6.000000e-01	
518	6.500000e-01	6.500000e-01	6.500000e-01	

Index   i-sweep         net-_r1-pad1_   vce             
--------------------------------------------------------------------------------
519	7.000000e-01	7.000000e-01	7.000000e-01	
520	7.500000e-01	7.500000e-01	7.500000e-01	
521	8.000000e-01	8.000000e-01	8.000000e-01	
522	8.500000e-01	8.500000e-01	8.500000e-01	
523	9.000000e-01	9.000000e-01	9.000000e-01	
524	9.500000e-01	9.500000e-01	9.500000e-01	
525	1.000000e+00	1.000000e+00	1.000000e+00	
526	1.050000e+00	1.050000e+00	1.050000e+00	
527	1.100000e+00	1.100000e+00	1.100000e+00	
528	1.150000e+00	1.150000e+00	1.150000e+00	
529	1.200000e+00	1.200000e+00	1.200000e+00	
530	1.250000e+00	1.250000e+00	1.250000e+00	
531	1.300000e+00	1.300000e+00	1.300000e+00	
532	1.350000e+00	1.350000e+00	1.350000e+00	
533	1.400000e+00	1.400000e+00	1.400000e+00	
534	1.450000e+00	1.450000e+00	1.450000e+00	
535	1.500000e+00	1.500000e+00	1.500000e+00	
536	1.550000e+00	1.550000e+00	1.550000e+00	
537	1.600000e+00	1.600000e+00	1.600000e+00	
538	1.650000e+00	1.650000e+00	1.650000e+00	
539	1.700000e+00	1.700000e+00	1.700000e+00	
540	1.750000e+00	1.750000e+00	1.750000e+00	
541	1.800000e+00	1.800000e+00	1.800000e+00	
542	1.850000e+00	1.850000e+00	1.850000e+00	
543	1.900000e+00	1.900000e+00	1.900000e+00	
544	1.950000e+00	1.950000e+00	1.950000e+00	
545	2.000000e+00	2.000000e+00	2.000000e+00	
546	2.050000e+00	2.050000e+00	2.050000e+00	
547	2.100000e+00	2.100000e+00	2.100000e+00	
548	2.150000e+00	2.150000e+00	2.150000e+00	
549	2.200000e+00	2.200000e+00	2.200000e+00	
550	2.250000e+00	2.250000e+00	2.250000e+00	
551	2.300000e+00	2.300000e+00	2.300000e+00	
552	2.350000e+00	2.350000e+00	2.350000e+00	
553	2.400000e+00	2.400000e+00	2.400000e+00	
554	2.450000e+00	2.450000e+00	2.450000e+00	
555	2.500000e+00	2.500000e+00	2.500000e+00	
556	2.550000e+00	2.550000e+00	2.550000e+00	
557	2.600000e+00	2.600000e+00	2.600000e+00	
558	2.650000e+00	2.650000e+00	2.650000e+00	
559	2.700000e+00	2.700000e+00	2.700000e+00	
560	2.750000e+00	2.750000e+00	2.750000e+00	
561	2.800000e+00	2.800000e+00	2.800000e+00	
562	2.850000e+00	2.850000e+00	2.850000e+00	
563	2.900000e+00	2.900000e+00	2.900000e+00	
564	2.950000e+00	2.950000e+00	2.950000e+00	
565	3.000000e+00	3.000000e+00	3.000000e+00	
566	3.050000e+00	3.050000e+00	3.050000e+00	
567	3.100000e+00	3.100000e+00	3.100000e+00	
568	3.150000e+00	3.150000e+00	3.150000e+00	
569	3.200000e+00	3.200000e+00	3.200000e+00	
570	3.250000e+00	3.250000e+00	3.250000e+00	
571	3.300000e+00	3.300000e+00	3.300000e+00	
572	3.350000e+00	3.350000e+00	3.350000e+00	
573	3.400000e+00	3.400000e+00	3.400000e+00	
574	3.450000e+00	3.450000e+00	3.450000e+00	
575	3.500000e+00	3.500000e+00	3.500000e+00	
576	3.550000e+00	3.550000e+00	3.550000e+00	

Index   i-sweep         net-_r1-pad1_   vce             
--------------------------------------------------------------------------------
577	3.600000e+00	3.600000e+00	3.600000e+00	
578	3.650000e+00	3.650000e+00	3.650000e+00	
579	3.700000e+00	3.700000e+00	3.700000e+00	
580	3.750000e+00	3.750000e+00	3.750000e+00	
581	3.800000e+00	3.800000e+00	3.800000e+00	
582	3.850000e+00	3.850000e+00	3.850000e+00	
583	3.900000e+00	3.900000e+00	3.900000e+00	
584	3.950000e+00	3.950000e+00	3.950000e+00	
585	4.000000e+00	4.000000e+00	4.000000e+00	
586	4.050000e+00	4.050000e+00	4.050000e+00	
587	4.100000e+00	4.100000e+00	4.100000e+00	
588	4.150000e+00	4.150000e+00	4.150000e+00	
589	4.200000e+00	4.200000e+00	4.200000e+00	
590	4.250000e+00	4.250000e+00	4.250000e+00	
591	4.300000e+00	4.300000e+00	4.300000e+00	
592	4.350000e+00	4.350000e+00	4.350000e+00	
593	4.400000e+00	4.400000e+00	4.400000e+00	
594	4.450000e+00	4.450000e+00	4.450000e+00	
595	4.500000e+00	4.500000e+00	4.500000e+00	
596	4.550000e+00	4.550000e+00	4.550000e+00	
597	4.600000e+00	4.600000e+00	4.600000e+00	
598	4.650000e+00	4.650000e+00	4.650000e+00	
599	4.700000e+00	4.700000e+00	4.700000e+00	
600	4.750000e+00	4.750000e+00	4.750000e+00	
601	4.800000e+00	4.800000e+00	4.800000e+00	
602	4.850000e+00	4.850000e+00	4.850000e+00	
603	4.900000e+00	4.900000e+00	4.900000e+00	
604	4.950000e+00	4.950000e+00	4.950000e+00	
605	5.000000e+00	5.000000e+00	5.000000e+00	
